1 800 1300 5900 1000 700
2 300 100 1000 900 600
3 100 100 1100 2200 800
4 0 100 1000 1000 900
5 0 100 1200 1100 1000
6 0 100 1100 1200 1000
7 300 100 1200 1200 1000
8 300 100 1200 1400 1200
9 200 100 1400 1300 1200
10 100 100 1300 1400 1300
11 300 100 1400 1600 1400
12 100 0 1500 1700 1400
13 100 100 1600 1700 1400
14 100 100 1500 1700 1500
15 100 100 1600 2000 1700
16 100 100 1700 1900 1700
17 100 100 1800 2000 1800
18 100 100 1900 2200 1900
19 100 0 1900 2000 1900
20 100 0 2000 2300 2000
21 100 100 2100 2300 2000
22 100 100 2100 2400 2200
23 0 100 2300 2900 2300
24 0 100 2200 2500 2300
25 0 100 2300 2500 2500
26 200 0 3500 3000 3100
27 100 100 2400 3000 2600
28 100 0 2400 2900 3000
29 100 100 2600 3000 2900
30 0 100 2500 3100 2800
31 100 100 3000 5100 14600
32 100 200 2600 3100 2200
33 100 100 2600 3300 2300
34 100 100 2700 3300 2500
35 500 100 2700 3500 2300
36 100 0 2900 3500 2500
37 400 200 2900 3500 2800
38 0 0 2700 3600 2800
39 100 100 3000 3700 2800
40 100 200 2800 3700 2900
41 100 100 2900 3900 2900
42 100 100 3200 3800 2900
43 0 100 3100 4000 3100
44 100 100 3300 4000 3300
45 100 100 3500 4400 3300
46 0 100 3300 4200 3500
47 100 200 3600 4600 3300
48 0 100 3600 4600 3600
49 100 100 3400 4400 3800
50 100 200 3600 4800 3500
51 0 200 4300 4900 4000
52 100 200 4200 5400 4400
53 100 400 4200 5100 3900
54 100 100 4100 4800 4200
55 0 100 4000 5000 4100
56 100 0 4200 5000 4200
57 100 100 3900 5000 4400
58 0 100 4100 5400 4400
59 0 100 4000 5500 4500
60 100 100 4300 5400 4500
61 100 100 4200 5400 4600
62 100 100 4200 5700 4500
63 0 100 4200 5500 4000
64 800 100 4600 5600 4400
65 100 100 4400 6000 4000
66 100 100 4700 6200 4300
67 100 100 4900 6000 4400
68 100 100 4700 6100 4500
69 900 100 5000 6200 4800
70 100 100 5800 6300 4700
71 0 100 4600 6200 4500
72 100 100 5000 19900 5100
73 100 0 4800 6500 4800
74 100 100 5000 6900 4900
75 100 100 5100 6600 5000
76 0 100 5100 6800 5100
77 500 100 5100 7100 5500
78 100 200 5200 6600 5100
79 100 100 5400 7000 5100
80 100 100 5100 6700 5300
81 100 100 5200 6800 5400
82 0 100 5700 7000 5400
83 100 100 5400 7100 5800
84 100 100 5200 6900 5900
85 200 100 5200 8800 6800
86 100 100 65500 8200 6500
87 100 100 5800 20200 6000
88 100 200 5700 15700 6600
89 100 200 5600 7300 6000
90 0 200 5900 7600 6100
91 100 100 5800 20100 6000
92 0 100 5800 7800 6000
93 100 100 5900 8100 6100
94 100 100 5700 8000 6200
95 100 100 6600 8200 6500
96 100 200 6100 8300 5900
97 100 100 6600 8300 5800
98 100 100 10200 8300 5900
99 100 200 6300 8600 6200
100 100 100 6300 8800 6500
101 100 100 7100 8500 6600
102 0 100 6400 8600 6300
103 0 100 6400 8400 6300
104 0 100 6500 8800 6200
105 100 100 24100 9800 7500
106 100 200 6700 9000 7000
107 200 200 7100 9100 6700
108 0 100 6900 9400 7000
109 100 200 6800 9300 7100
110 0 300 7200 9700 8000
111 100 100 7000 9500 7100
112 100 100 7300 9600 7300
113 100 200 7100 9500 7200
114 100 100 21100 9300 6900
115 0 100 21500 21800 21300
116 100 100 7200 24000 7400
117 100 100 7000 9500 7300
118 100 100 21400 10000 19900
119 100 100 7200 9600 7500
120 100 100 7000 10200 7500
121 100 100 7600 10400 8000
122 100 100 7600 10400 8100
123 100 100 7700 10300 15000
124 5600 200 16600 11600 8200
125 100 200 17100 11200 8300
126 200 100 7800 10400 8300
127 100 200 7900 104400 8200
128 0 100 8100 10600 7800
129 100 100 7800 11100 7600
130 100 100 8000 12700 7900
131 0 100 8200 11100 8000
132 100 300 8200 11200 8500
133 100 100 14000 12800 8300
134 100 100 9000 11500 8200
135 0 0 8000 10700 8000
136 100 100 8000 10800 7900
137 100 100 7900 11000 8200
138 0 100 8300 11300 8300
139 100 100 8200 11200 8200
140 100 100 8300 11500 8000
141 100 100 8300 11700 8400
142 200 200 8300 11500 8500
143 100 100 8400 11700 8800
144 100 100 8700 11800 8600
145 100 100 8900 11800 8700
146 100 100 8700 11900 8900
147 100 100 8600 12000 8900
148 100 100 9300 12700 9800
149 0 200 8800 12100 8900
150 0 100 9000 12100 9000
151 0 100 9100 12100 9200
152 100 200 8900 12200 9200
153 100 100 9100 12400 9400
154 0 0 9300 12200 9500
155 100 100 9200 12800 9600
156 0 0 9200 12500 11000
157 100 100 9000 12600 9600
158 0 500 10600 13200 9800
159 0 100 9400 13000 9100
160 0 100 9200 12900 9100
161 100 100 9500 12900 9100
162 0 0 9300 13100 9300
163 0 100 9500 13300 9500
164 100 100 9600 13100 9500
165 0 100 9800 13200 9600
166 100 100 10700 14000 10400
167 0 100 9700 13500 9900
168 100 100 9800 27900 10400
169 100 200 10200 14100 10100
170 100 200 9900 13500 10200
171 100 200 9900 13800 9800
172 100 100 10100 13700 10000
173 100 100 9900 13900 10200
174 0 100 10100 14100 10200
175 0 100 10300 14100 10400
176 100 100 10200 14000 10500
177 100 100 12800 14100 10600
178 100 100 10200 14400 10700
179 100 100 10200 14100 10600
180 100 100 10400 14300 10700
181 100 100 10400 14500 10800
182 100 100 10400 14900 10800
183 0 100 10500 14500 10900
184 100 100 10500 15000 10800
185 0 100 10700 14900 10900
186 100 100 10700 15000 11000
187 100 100 10700 15000 11000
188 100 0 10700 15100 11300
189 100 100 10800 15100 11300
190 100 100 10800 15200 11400
191 100 100 11000 15200 10800
192 100 0 11500 15500 11100
193 100 100 11000 15600 11000
194 100 100 11200 15500 11000
195 100 100 11100 15500 11000
196 100 100 11100 15700 11200
197 0 100 11400 15800 11200
198 100 100 11200 16900 11500
199 100 100 11600 15900 11500
200 100 100 11400 15900 11600
201 100 100 11500 16000 11800
202 100 100 11400 16100 11800
203 100 100 11600 16200 11700
204 100 100 11700 16400 11700
205 100 100 11500 32300 12500
206 100 100 11900 16400 11900
207 100 200 11900 16400 11900
208 100 100 12400 17000 12300
209 100 100 25300 17300 12600
210 100 200 12200 16800 12400
211 100 100 11900 16800 12300
212 0 100 11700 17000 12700
213 0 100 11800 17000 12300
214 100 100 12000 17000 12700
215 100 0 12300 17100 12400
216 100 100 12700 17700 12900
217 100 100 12400 17400 12800
218 100 100 12500 17300 12900
219 100 100 12500 17400 13100
220 0 100 12200 17500 14200
221 100 100 12500 17700 13300
222 100 100 12400 18600 13200
223 100 100 12600 17500 12400
224 100 100 12500 17900 13800
225 0 200 13000 17900 12800
226 100 100 12900 17800 13000
227 0 100 12800 17900 13100
228 0 100 13000 18300 12900
229 100 100 12900 18300 12900
230 0 100 13100 18100 13000
231 100 100 12900 18400 13100
232 0 100 13000 18300 13300
233 100 100 13100 18400 13200
234 0 100 13000 18700 13500
235 100 100 13400 18600 13500
236 0 100 13300 18700 13500
237 100 100 13300 18700 13500
238 100 100 13500 18900 13500
239 0 100 13500 19100 13600
240 100 100 13600 19100 13800
241 100 100 13600 19100 13900
242 100 100 13600 19300 13900
243 100 100 13600 19300 14000
244 0 100 13700 19200 14100
245 0 100 13800 19300 14100
246 100 100 13800 19200 14400
247 0 100 13900 19700 14600
248 100 100 13900 19800 14400
249 100 100 13900 19400 14500
250 100 100 13900 19700 14600
251 0 0 14200 19700 14500
252 100 100 14300 20000 15100
253 100 100 14100 20200 14800
254 0 0 14000 20200 15000
255 100 200 17000 20700 14800
256 2500 100 14800 21100 14900
257 200 200 15600 21700 15100
258 100 200 15400 21000 15100
259 100 200 29300 21600 15400
260 100 200 15100 21400 15300
261 100 100 15100 20900 15000
262 0 100 15000 21100 15500
263 100 0 15100 21700 15300
264 0 0 15000 21700 15500
265 100 100 15200 21500 15500
266 100 0 15000 21700 15300
267 100 200 15300 21500 15600
268 100 100 15300 21900 15700
269 100 100 15500 22000 15900
270 0 100 15600 21800 15700
271 100 0 15500 21800 15900
272 100 100 15200 21300 15600
273 100 100 15100 21400 15800
274 0 100 15300 21500 15600
275 100 100 15400 21800 15900
276 100 100 15300 21500 15700
277 100 100 15600 21700 15800
278 0 100 15200 21800 16200
279 100 100 16300 22900 16700
280 100 100 16000 22600 16500
281 100 100 16000 22900 16700
282 100 100 16200 22900 17000
283 0 100 15900 22800 16800
284 100 100 16500 22900 16900
285 0 0 16400 23100 17000
286 100 100 16100 23100 16900
287 100 100 16300 23300 16300
288 0 0 16600 23400 16600
289 100 100 16600 23400 16700
290 0 0 16900 23500 16500
291 100 100 16700 23200 16700
292 100 100 16700 23700 16700
293 100 100 16900 23700 16900
294 100 100 17000 23900 17000
295 100 100 16700 23500 17000
296 100 100 17200 23800 17000
297 100 100 17100 24200 17100
298 100 100 17000 24100 18400
299 100 0 17200 24400 17400
300 100 100 17500 24200 17700
301 100 100 17200 24100 17700
302 100 100 16900 23800 31700
303 0 100 16900 38900 19100
304 0 100 31500 36400 17400
305 0 100 16700 24200 17500
306 100 100 16700 23900 17500
307 100 100 16900 25400 17500
308 100 100 17100 24000 17600
309 0 100 17200 24300 17900
310 100 0 17200 24300 17800
311 100 100 17500 24800 18000
312 0 100 17200 24300 18000
313 0 100 17200 24600 18100
314 0 100 31900 37500 17900
315 100 0 17600 24800 18000
316 100 100 17200 25000 18300
317 100 100 17500 24700 18100
318 0 100 18900 24900 18400
319 100 100 17500 25000 17600
320 100 100 18300 25500 17700
321 100 200 18500 26200 18500
322 100 100 17300 39100 18300
323 100 100 18100 25400 18100
324 100 100 18100 25300 18000
325 100 100 18100 25700 18200
326 0 100 18300 25300 18400
327 100 0 17900 25400 18400
328 100 100 18300 26000 18600
329 0 100 17900 26400 18500
330 100 100 18300 25800 18400
331 100 100 18500 25900 18600
332 0 100 18400 26000 18600
333 100 100 18300 26300 18900
334 100 100 18400 26000 18900
335 100 100 18700 26200 18800
336 0 100 18600 26400 18800
337 0 100 18700 26400 19300
338 100 100 18700 26500 19100
339 0 0 18200 25900 18900
340 100 100 18500 25700 18800
341 100 100 21900 27800 20200
342 100 100 19100 29900 19500
343 100 100 18900 26800 19400
344 100 100 18900 26600 19400
345 100 100 19000 26800 19700
346 100 100 19200 27300 20100
347 100 100 19000 27100 20100
348 0 100 19300 28900 19700
349 0 100 19500 27300 20100
350 0 100 19500 27300 20100
351 100 0 19100 27500 19600
352 0 100 19500 27700 19700
353 100 100 21300 27300 19600
354 0 100 19500 27600 19900
355 100 100 19900 27800 19800
356 100 0 19300 27700 19900
357 0 100 19500 27900 20000
358 100 100 19500 28000 20100
359 100 200 19800 28000 20400
360 100 100 20000 28100 20200
361 100 200 59600 53200 20300
362 0 100 19500 28200 20300
363 100 100 20100 28100 20400
364 0 100 20200 28700 20500
365 0 100 19900 28700 20600
366 100 100 20100 28500 20500
367 0 100 20400 28800 20700
368 100 100 20100 28800 20800
369 0 100 20400 29000 21000
370 0 100 20200 28900 21100
371 100 100 20500 29200 21000
372 100 100 20400 29400 21200
373 100 100 20500 29300 21100
374 100 100 20700 30500 21100
375 100 100 20200 29500 21300
376 100 100 20700 29300 21300
377 100 100 20900 29500 21500
378 0 100 20400 29400 21400
379 0 200 21500 29600 21800
380 0 200 21100 29200 21800
381 100 200 20800 29600 22000
382 100 100 20800 29600 21700
383 0 100 21200 30000 21100
384 100 100 20900 30000 21400
385 0 100 21300 29800 21200
386 100 0 21100 30200 21500
387 100 0 21100 30400 21800
388 100 100 21600 30300 21400
389 100 100 21200 30200 21500
390 100 100 21400 30300 21600
391 100 0 21600 30800 21700
392 0 100 21400 30500 21900
393 100 100 21600 32200 22200
394 0 100 21500 30600 22000
395 100 100 21600 31100 22200
396 100 100 21800 31200 22400
397 100 100 22100 30900 22200
398 0 100 21900 31200 22400
399 0 100 22000 31300 22400
400 0 100 21800 31000 22500
401 100 100 21900 31600 22500
402 0 0 22200 31300 22600
403 0 100 22000 31200 22600
404 100 100 22400 32100 22600
405 0 100 23400 31700 22900
406 100 100 22500 31500 22800
407 100 100 22800 31600 23200
408 0 100 22500 31700 23200
409 100 100 22300 32000 23000
410 0 200 22500 32000 23300
411 100 100 22300 32100 23500
412 100 100 22400 32200 23400
413 100 100 22200 32200 23200
414 0 100 22700 32000 23700
415 100 100 22600 32400 23100
416 100 100 22900 32800 22900
417 0 100 22800 32500 23200
418 100 100 22700 32500 23200
419 0 0 23000 33600 23300
420 100 100 23000 33400 23200
421 100 100 22800 32900 23300
422 100 100 23300 32900 23500
423 0 100 23200 33100 23400
424 100 100 23200 32900 23400
425 100 100 23200 33000 23700
426 100 100 23200 33100 23600
427 0 100 23200 33400 23900
428 100 100 23500 33700 24200
429 100 100 23100 33100 23600
430 100 100 23400 33600 24200
431 0 100 22800 32600 23300
432 0 100 23000 32700 23500
433 100 100 23100 32800 23400
434 0 100 22900 32800 23700
435 100 100 23000 32900 23700
436 100 100 23300 33200 23700
437 100 100 23100 32800 24000
438 100 100 23400 33100 24100
439 100 100 23900 33000 23700
440 100 200 23400 33200 24100
441 0 100 23200 33400 24200
442 100 100 23600 33700 24200
443 0 100 23500 33400 24800
444 100 100 23700 33700 24400
445 100 100 24500 34700 25400
446 100 100 24300 34800 25000
447 100 100 24300 34300 24700
448 100 100 24600 34800 24500
449 100 100 24600 51500 37400
450 100 100 24500 35100 24900
451 100 100 24700 34900 25000
452 100 100 24400 35300 24700
453 100 100 24500 35300 25000
454 100 100 24900 35500 25200
455 100 0 24600 35300 25400
456 0 100 24800 35700 25300
457 0 100 24900 35600 25100
458 100 100 24800 35900 25200
459 0 200 36800 34700 24600
460 100 100 24200 34600 25000
461 0 100 24500 34900 25000
462 100 100 24400 35500 24800
463 100 100 24400 34900 25000
464 100 100 24500 34700 25400
465 0 100 24800 34900 25000
466 100 100 24700 35200 25200
467 0 0 24600 35600 25300
468 100 100 24700 35300 25300
469 0 0 24800 35000 25300
470 100 0 24800 35600 25100
471 100 100 24800 35200 25800
472 100 100 24600 35500 25600
473 100 100 25700 36300 26500
474 100 100 25900 36500 26900
475 0 100 25500 36900 27900
476 100 100 25700 37300 26800
477 100 100 26300 37100 26800
478 0 100 26000 37200 27200
479 0 100 26000 37000 26100
480 100 100 26000 37200 26300
481 0 100 25800 37400 26500
482 100 100 25900 37500 26400
483 100 100 55900 37400 26700
484 0 200 26100 37300 26700
485 100 100 26400 37800 26600
486 0 100 26200 37600 27000
487 100 100 26700 37900 27000
488 0 100 25600 36800 26300
489 100 100 41500 49600 26500
490 0 100 25700 36800 26300
491 100 100 26200 37000 26200
492 0 100 26100 37300 26800
493 100 100 26100 37000 26700
494 100 0 26000 37500 26700
495 100 100 25900 37600 27500
496 0 100 26200 37200 26700
497 100 100 26300 37500 27100
498 100 100 26100 37500 26800
499 0 100 26300 37800 26900
500 100 100 26300 52100 40400
501 100 100 26600 37900 27500
502 100 100 26600 37700 27400
503 100 100 26800 37700 27100
504 100 100 26400 37600 27400
505 0 100 26600 38100 27200
506 100 100 38800 38000 27500
507 0 100 26800 38500 27600
508 100 100 26800 38600 27400
509 100 100 27000 38100 28000
510 0 100 27100 38700 27400
511 100 100 27200 66600 27600
512 100 100 28200 40000 27900
513 100 0 26700 38900 27400
514 100 100 26800 39000 27500
515 0 100 27300 38600 27700
516 100 100 39500 38800 27700
517 0 100 27200 38700 27600
518 100 100 27500 39100 27900
519 100 100 27000 66900 28000
520 0 100 27300 39100 28100
521 0 0 27600 39500 27900
522 0 100 27700 39400 28100
523 100 100 27700 39500 28300
524 100 100 27400 39500 27700
525 0 100 27700 39500 28500
526 100 100 27600 39800 28500
527 100 100 27900 39900 28300
528 0 100 28500 52800 28800
529 0 100 28100 39800 28600
530 100 100 27900 39900 28400
531 0 0 28300 40400 29100
532 0 100 27800 39800 28700
533 0 100 28100 40100 29100
534 100 100 27900 40300 29200
535 100 100 28500 40600 29200
536 0 0 28200 40200 28900
537 100 100 57300 99300 30000
538 100 0 29100 41500 30000
539 0 100 29100 41600 30200
540 100 100 29100 43100 30200
541 100 100 29100 42000 30700
542 0 100 29000 41900 30400
543 100 100 29900 42400 29700
544 100 100 29500 42000 29900
545 100 100 29600 42200 29900
546 100 100 29700 42400 29700
547 100 0 29100 42800 30300
548 100 100 29400 42200 30300
549 100 100 29000 41400 29500
550 100 100 28700 41100 29300
551 100 100 29600 53600 30200
552 0 0 29000 41500 29500
553 100 100 29100 41700 29500
554 100 100 29300 41800 29800
555 0 100 28900 42200 30100
556 100 100 29300 42100 29900
557 100 100 29300 41800 30100
558 100 100 29000 41900 29900
559 100 100 29400 42200 30000
560 0 100 65600 41800 30000
561 100 100 44800 56000 31300
562 100 100 30600 42900 31100
563 100 100 30700 43900 31300
564 100 100 30600 42800 31200
565 0 100 30300 44100 31800
566 100 100 30800 44000 31300
567 0 100 58000 43600 31500
568 0 100 30400 43800 32000
569 0 100 31000 44200 31700
570 0 100 31300 44100 32200
571 100 200 53700 45100 33100
572 100 200 31200 91400 45300
573 100 100 30900 44500 31900
574 100 100 31000 44100 32100
575 100 100 30900 44100 31100
576 0 100 31300 44900 31900
577 0 100 31700 96300 32400
578 0 100 31100 58700 32900
579 0 100 32500 162800 33500
580 0 100 31700 46300 32000
581 100 0 31600 45000 32000
582 100 100 45400 45800 32500
583 100 100 31800 44900 32100
584 100 100 31500 44800 32700
585 100 100 31400 58300 45600
586 100 100 31700 45700 46100
587 100 100 31800 45900 45600
588 100 200 33000 81000 46100
589 100 100 32200 59700 47100
590 100 100 57600 45800 32900
591 0 100 31900 58900 58600
592 100 200 33200 45500 32700
593 100 100 32000 45000 33200
594 100 100 32200 45900 32900
595 100 100 32500 72700 33100
596 100 200 33500 46900 34100
597 100 400 47200 73600 33300
598 100 100 46000 58900 33400
599 100 100 46700 66600 34500
600 100 100 32700 46600 33500
601 100 100 32800 46900 59000
602 100 100 32700 46400 33400
603 100 100 32400 46700 33400
604 100 100 32500 46200 33700
605 100 200 33400 48100 34700
606 100 100 46100 46800 33700
607 100 23600 32700 46800 33400
608 100 100 32600 46600 33400
609 100 100 32800 47300 33900
610 100 100 32600 46900 33600
611 0 100 33100 47700 33700
612 100 0 32800 47400 33500
613 0 100 33400 47500 33600
614 100 100 32900 47100 33800
615 100 200 33200 47600 33600
616 0 100 32900 47800 33800
617 100 100 33400 47700 34300
618 0 100 33400 63100 47500
619 100 100 33100 75200 35000
620 100 100 33800 47200 34000
621 100 100 36100 47500 34200
622 100 100 33500 48300 34500
623 100 100 33900 47900 34400
624 100 100 33900 48500 34600
625 200 100 53200 48700 34300
626 100 100 48300 62000 35100
627 100 100 46900 49400 34800
628 0 100 33800 48500 35200
629 100 100 35600 48500 35000
630 100 100 47000 49100 35000
631 100 100 34300 74000 34800
632 100 100 34200 47900 35100
633 100 100 60600 75300 36300
634 100 100 34200 49100 35400
635 100 100 57600 101500 35600
636 100 100 34400 49400 35800
637 100 100 35000 49000 35500
638 100 200 34400 70800 35600
639 100 100 34300 49400 62300
640 0 100 34700 49500 34800
641 100 100 36000 50200 35500
642 100 100 34600 49500 35200
643 100 100 34700 49600 35400
644 100 100 34300 49700 35200
645 100 100 34800 49900 35500
646 100 100 34400 52000 35400
647 100 100 35800 78500 35700
648 100 100 35000 50100 35600
649 100 100 35100 50100 36200
650 100 200 34900 50200 35900
651 800 200 76100 52300 35800
652 100 100 35200 49800 35800
653 100 100 34900 50600 36200
654 500 100 34700 50500 36100
655 100 200 35300 50500 36200
656 0 100 35500 50800 36200
657 100 100 34800 81100 36300
658 100 100 35400 50600 36600
659 100 200 35800 50300 36500
660 100 100 35400 50900 36700
661 100 100 35600 51100 37000
662 100 200 35500 51400 36800
663 0 100 35600 51200 37000
664 0 200 35600 51600 37300
665 100 100 35400 51200 36800
666 0 100 35800 51800 36900
667 100 100 35600 51300 37200
668 0 100 36100 54800 37400
669 100 100 36100 51900 37200
670 100 100 36200 52000 36900
671 0 100 38900 52300 36700
672 0 100 36200 51900 36700
673 100 100 36500 51700 36800
674 0 100 36200 52100 36700
675 0 100 36900 52200 37500
676 100 200 38200 51700 37000
677 0 100 35100 50600 35500
678 100 100 35500 51000 36200
679 0 100 35400 51100 36400
680 100 0 35500 50900 36200
681 0 100 35600 51600 64200
682 0 100 35700 51100 36400
683 100 100 35700 51200 36400
684 100 100 35700 51300 36500
685 0 100 35800 51300 36500
686 0 200 36700 52100 37700
687 100 100 36800 52900 37800
688 100 100 35800 51700 36900
689 100 100 37600 53200 38100
690 100 100 37800 53200 38000
691 0 100 37000 53300 38100
692 100 100 37200 53100 38000
693 100 100 37600 53200 38300
694 100 100 51000 97500 38600
695 0 0 37300 53300 53000
696 0 100 37400 53600 39000
697 100 100 37200 54200 38400
698 100 100 37000 53500 38300
699 100 100 37500 54000 38700
700 0 100 37700 54000 38700
701 100 200 37900 54300 39000
702 100 100 37400 54200 38900
703 100 200 38100 54400 38800
704 100 100 37600 54600 38600
705 100 100 39200 54200 38600
706 100 100 38100 54300 38300
707 100 100 38000 54500 38700
708 100 100 37500 54800 38100
709 100 100 38000 54100 38800
710 0 100 39200 54300 38800
711 100 0 38100 55300 38700
712 0 100 38700 54800 39000
713 100 100 38200 54600 39000
714 100 100 38200 55200 39200
715 100 100 38900 55900 39900
716 100 100 38300 55300 39200
717 100 100 38700 55500 39100
718 0 100 38400 54800 40200
719 100 100 38400 54700 39300
720 100 100 55900 68700 39300
721 100 100 38300 55100 40300
722 200 100 53500 55100 39700
723 100 100 39000 55500 39600
724 100 100 38700 55500 40100
725 100 100 39000 55400 39800
726 0 200 40000 55600 39700
727 100 200 52600 55200 40000
728 100 100 38800 55600 40300
729 100 200 38900 56000 40000
730 100 100 38800 56000 40300
731 0 100 39000 56500 40700
732 100 100 38800 69100 55400
733 100 100 39700 83400 40800
734 100 200 64800 55700 40500
735 200 100 41300 58900 41800
736 100 100 39200 56400 39600
737 100 200 39600 56400 40200
738 100 100 39800 57200 40500
739 0 100 40800 83400 67500
740 100 100 40700 56800 40300
741 100 100 40200 57100 56000
742 100 100 39800 71600 53900
743 100 100 39800 72700 54200
744 100 100 40600 57400 41100
745 0 100 55200 61700 54800
746 100 200 39800 57200 40700
747 100 100 55200 56800 40600
748 0 100 40100 57100 40900
749 0 100 40400 58000 41300
750 100 200 40500 57100 41100
751 100 100 41600 57900 42500
752 0 100 40400 57300 67200
753 100 100 40200 72300 67800
754 100 100 53100 60300 80000
755 100 100 79600 60200 56500
756 100 100 53500 60800 54600
757 100 200 40600 57700 41800
758 100 100 40700 58500 41700
759 100 200 41200 58500 41900
760 0 200 41700 84000 42300
761 100 100 53800 58700 119200
762 0 200 41100 58300 42100
763 100 200 40900 72100 43400
764 100 200 68600 60200 43300
765 100 100 41100 59400 42600
766 100 200 41300 59200 57500
767 0 100 56100 71900 41800
768 100 100 93000 59700 41700
769 100 100 41400 59100 42100
770 100 100 41600 74200 43400
771 100 200 54600 73300 42100
772 100 100 41500 59300 42400
773 100 100 41700 60900 42400
774 100 100 42900 59800 42600
775 100 100 41600 59500 42500
776 0 100 42100 59700 42500
777 0 100 41900 88000 42900
778 100 100 42300 60100 42400
779 100 100 41500 61500 43200
780 100 0 42300 59700 42800
781 100 100 42000 60600 43000
782 0 100 67400 60200 42700
783 100 100 42000 59800 42800
784 100 100 42500 60700 43500
785 100 200 42200 61800 42500
786 100 100 41800 60500 43200
787 100 100 57600 62900 44800
788 0 100 43800 89400 44600
789 100 100 43800 73500 44800
790 100 100 42400 62000 56600
791 100 100 42900 75400 69800
792 100 200 53900 73700 43300
793 0 100 42500 61000 43800
794 0 100 42400 61400 45300
795 0 100 44000 61200 43800
796 0 100 42800 61000 44000
797 100 200 42400 61100 58700
798 100 100 57900 74100 60700
799 100 100 56900 61200 43000
800 100 100 57300 63500 56800
801 0 100 56900 61500 43800
802 0 100 43300 61800 44000
803 0 100 43200 61800 44100
804 100 100 42800 61800 44200
805 100 100 43200 62200 43900
806 100 100 43400 89400 44300
807 100 200 43300 76100 64300
808 100 100 43400 76300 57100
809 100 100 43000 62100 77500
810 100 100 43200 61700 44300
811 100 200 43500 62600 45300
812 100 200 43000 62400 44500
813 100 100 43700 62600 57800
814 100 100 43500 61600 44500
815 0 100 43500 62600 44700
816 100 100 44600 63300 44900
817 100 100 45700 63300 45300
818 100 100 44100 88200 95100
819 100 100 43900 62500 44400
820 100 100 44400 63200 45400
821 100 200 44100 63800 45000
822 0 100 43700 63100 45200
823 100 100 49100 63100 45100
824 0 100 43900 63800 45900
825 100 100 44000 63800 46100
826 100 200 45800 76500 45300
827 100 100 44700 63800 45700
828 100 100 44200 63300 45800
829 100 100 44400 64100 45800
830 0 100 44300 64200 46100
831 100 0 44400 63900 45000
832 100 200 44300 63900 45300
833 100 100 44700 63800 45700
834 100 100 72600 166800 94500
835 200 200 110200 148300 93800
836 100 200 45100 66200 45600
837 100 100 44800 67000 46000
838 0 100 44800 64700 45800
839 100 100 45100 64400 46000
840 100 100 44700 64000 45700
841 100 100 44900 64000 45800
842 0 100 45400 65200 46200
843 0 100 45100 76400 44900
844 100 100 44000 63300 45300
845 100 100 44500 63500 45200
846 0 100 43800 63600 73300
847 100 100 44200 91400 45200
848 100 100 58400 65300 46700
849 100 500 45400 65600 46400
850 100 200 44000 63600 45500
851 0 100 44700 64000 45700
852 100 100 44300 63800 45400
853 0 0 45500 65900 46800
854 100 100 45800 65800 47400
855 100 200 45400 65000 47000
856 100 0 46000 65400 47000
857 100 100 44500 65000 46200
858 100 200 44800 64100 46300
859 100 100 44100 80100 58600
860 100 100 60300 76800 46600
861 100 100 45200 64300 46300
862 100 200 45800 66500 47400
863 100 100 46300 65700 47200
864 100 100 45300 64800 45900
865 100 100 44700 64700 46200
866 100 100 44800 65100 47500
867 100 100 45200 65100 46300
868 100 100 44600 65100 45800
869 0 100 44800 64800 46200
870 100 100 45000 65600 46600
871 100 100 45000 65700 46300
872 100 100 45600 65400 46500
873 0 100 45200 65500 46300
874 100 100 45600 65300 46300
875 0 100 45700 65800 47100
876 0 100 45600 65500 46500
877 100 100 46900 67500 47600
878 0 100 45700 65600 63000
879 100 100 45800 65800 46900
880 100 100 45800 65700 47200
881 100 100 45600 66200 46800
882 100 100 46100 65900 47500
883 0 100 46100 66200 47500
884 0 100 45800 66400 47600
885 0 200 74300 66000 47000
886 0 0 46400 66400 47400
887 100 100 45700 66800 47800
888 100 100 46400 66200 47200
889 0 100 46200 66900 75600
890 0 100 46400 67200 47700
891 100 100 46300 66800 47800
892 100 100 74500 66600 48000
893 100 100 46400 66400 47700
894 0 100 47000 66800 48000
895 0 100 62400 66800 47800
896 100 100 46500 67400 47700
897 0 100 46300 67200 47300
898 100 100 46800 67500 47800
899 0 100 47200 67700 47700
900 100 100 46800 67200 62200
901 0 100 75200 67200 47800
902 100 100 46000 66600 47700
903 100 100 46900 67600 48100
904 0 100 47100 95700 48300
905 100 200 48800 69600 49500
906 100 0 48300 69900 49500
907 100 200 48700 70000 50000
908 0 100 48900 70100 49800
909 100 100 48200 70000 50000
910 100 100 48800 69600 49900
911 100 100 61000 68100 113100
912 0 200 47000 67800 48400
913 0 100 47200 68000 48200
914 100 100 47700 68100 48900
915 100 100 47200 68500 48700
916 100 100 47400 68800 49100
917 0 100 47400 89400 50700
918 100 100 48700 69900 50300
919 100 100 49200 71400 50800
920 100 100 61600 69300 49200
921 0 100 47900 68600 49500
922 0 100 47700 68700 49400
923 100 100 47800 69000 49100
924 100 100 48200 69200 49700
925 100 100 48200 86500 61900
926 0 100 48200 69000 49500
927 100 100 48300 69800 48700
928 100 100 48100 69500 49200
929 100 100 48100 69500 49700
930 100 100 48500 85300 61600
931 100 100 48800 69400 49600
932 100 100 50100 71900 50800
933 100 100 61600 69600 49600
934 100 100 48600 69600 49300
935 0 100 48700 70100 49300
936 0 100 48400 69900 65500
937 100 0 48400 70400 49900
938 100 100 48900 70000 49700
939 0 100 48900 70700 49900
940 100 100 48300 70300 50000
941 100 100 49300 72000 50000
942 100 0 49100 70900 50300
943 100 100 48900 71000 49800
944 100 100 48900 70600 50600
945 100 0 49500 70500 50800
946 0 200 50500 72600 51700
947 100 100 49100 70100 50200
948 0 100 49300 71100 50700
949 0 100 49300 70600 50700
950 100 100 49400 71200 51000
951 0 100 49600 71700 50400
952 100 100 49500 71000 51000
953 100 100 49300 71400 51100
954 0 100 49400 71300 50900
955 100 100 49800 71300 50800
956 100 100 49800 71300 51400
957 100 100 63800 73900 63800
958 100 100 50800 76500 53300
959 0 100 51200 73500 52400
960 0 100 53200 74400 62700
961 0 100 49400 71800 51200
962 100 100 51400 73600 52500
963 0 100 65800 114700 52300
964 100 200 51300 73900 52400
965 100 100 53300 73500 52500
966 100 100 52100 73700 52600
967 100 100 52600 74300 53100
968 100 100 51700 74900 53200
969 100 100 52100 74700 53000
970 100 200 79000 102000 81200
971 100 100 132400 75100 53500
972 0 100 51800 75000 53500
973 0 100 54000 74700 53200
974 0 0 52400 75100 53700
975 100 100 51600 75300 53300
976 100 200 65300 74400 53400
977 100 100 92600 88200 56000
978 0 100 51800 75300 55100
979 100 100 52300 75500 54200
980 100 100 52400 75300 53900
981 0 100 52500 75000 53600
982 100 200 52800 75200 54300
983 100 100 80600 75300 53600
984 100 100 52600 76000 54600
985 100 100 52000 76000 84300
986 100 100 52800 76200 54200
987 100 100 52300 76000 54500
988 0 100 65900 88400 53700
989 0 100 52400 75500 54200
990 100 100 52900 102100 53900
991 100 200 67700 76100 54000
992 100 100 53100 76500 53600
993 100 200 52800 76400 53900
994 0 100 52900 174500 66900
995 100 100 54900 92900 107100
996 100 100 53400 76800 54700
997 0 300 54300 76400 54000
998 100 100 52900 76000 54400
999 100 100 52400 76700 54500
1000 0 100 53100 78700 54800
1001 0 200 53600 104500 111000
1002 100 100 53700 76900 54900
1003 100 100 53000 77100 54300
1004 100 100 53700 77100 54900
1005 100 100 53400 76100 105600
1006 100 100 55400 93400 69700
1007 100 100 53800 77300 55800
1008 0 100 53900 77600 55600
1009 0 100 68000 90400 56500
1010 100 100 54200 79500 55400
1011 100 100 54200 78500 70900
1012 100 100 53900 77800 55200
1013 100 200 104000 168800 68500
1014 200 100 111800 106200 82900
1015 100 100 53800 77400 55800
1016 0 200 56300 81100 58400
1017 100 400 54400 77800 83900
1018 100 100 70000 81900 69200
1019 100 100 54000 78200 55900
1020 100 400 54700 78100 56400
1021 100 100 54500 78600 56000
1022 100 100 54800 78600 56900
1023 100 100 54500 78500 56000
1024 100 100 54600 107100 55600
1025 100 100 70000 121900 55800
1026 0 100 54800 79100 56300
1027 100 100 54400 78400 55400
1028 100 100 54900 80100 56300
1029 100 100 54500 78700 55700
1030 100 400 95400 106400 56700
1031 100 100 57300 81400 57800
1032 100 200 94800 121200 56200
1033 100 100 54700 79700 56600
1034 100 100 94800 121500 96700
1035 100 100 55000 79100 56600
1036 100 100 55600 80100 56800
1037 100 100 82300 107300 57600
1038 100 100 54800 79600 58700
1039 100 100 55000 114400 99000
1040 200 200 56900 82500 58500
1041 0 100 83300 100000 57700
1042 100 100 54500 79600 56800
1043 100 200 56700 94800 59100
1044 100 100 69200 97300 59700
1045 100 100 57200 109100 59000
1046 100 100 55900 80200 57100
1047 100 100 57900 82600 60500
1048 0 100 82700 106900 57900
1049 100 200 56100 80500 57500
1050 100 100 85400 85300 86400
1051 100 100 57300 117600 84900
1052 100 200 56000 80100 57300
1053 100 200 55800 81000 70900
1054 100 100 55600 79600 59900
1055 100 100 57700 82800 58900
1056 100 100 58000 112800 59200
1057 100 100 69400 100100 68600
1058 100 100 59000 84600 83300
1059 100 200 58700 83600 59900
1060 100 100 58300 83600 59300
1061 100 100 58600 84500 59100
1062 100 200 58400 83900 60300
1063 100 100 58200 87100 59900
1064 100 100 58900 84200 60000
1065 100 100 59000 168000 61700
1066 100 100 58800 85400 60300
1067 0 400 58600 84200 60500
1068 100 100 58500 84300 60000
1069 0 100 59500 84600 60400
1070 0 100 58900 85200 60200
1071 100 100 58500 83900 60100
1072 100 100 59400 85200 61000
1073 0 100 59500 85500 60900
1074 100 200 59100 85300 60600
1075 100 100 59700 85200 61000
1076 100 100 59200 84900 60900
1077 100 100 58900 86800 61300
1078 100 100 59200 85500 61000
1079 100 100 59600 85500 61200
1080 100 100 59700 85300 61400
1081 0 200 59800 85700 61800
1082 100 100 57700 83300 59200
1083 100 100 98100 83500 60400
1084 100 100 71300 109700 61900
1085 100 200 58500 83300 59800
1086 100 100 58100 109200 73600
1087 100 100 57800 143300 58700
1088 0 100 58400 84100 59500
1089 100 100 72100 99500 72400
1090 100 100 57500 83800 59800
1091 0 100 86700 98300 72800
1092 200 100 93600 84200 61600
1093 100 100 58600 143500 59800
1094 100 100 58800 83700 59600
1095 100 100 58900 113100 59900
1096 100 100 58300 84200 60200
1097 100 100 58000 83800 59500
1098 100 100 59900 86300 61400
1099 100 100 73700 111900 87000
1100 100 100 59200 86500 60100
1101 100 100 58100 84300 59900
1102 100 200 58700 84800 60300
1103 100 200 58800 84700 76500
1104 0 100 58600 85500 60600
1105 100 100 58800 84800 60500
1106 100 100 58900 98300 73600
1107 100 100 73800 98300 60600
1108 100 100 73500 125300 61300
1109 100 200 59700 85500 61400
1110 0 100 59300 85900 62300
1111 100 100 61000 87900 73300
1112 100 200 73400 100100 61400
1113 100 100 88300 85300 61400
1114 0 100 78400 99500 60900
1115 100 200 59100 85200 61500
1116 100 100 104900 85600 60900
1117 100 100 60000 85900 75200
1118 200 100 59300 86800 61500
1119 100 100 59700 86200 61300
1120 100 100 59400 112500 61200
1121 100 100 60700 86100 61000
1122 100 100 81500 99500 60900
1123 100 100 60000 85200 61300
1124 100 100 60400 86000 61400
1125 0 200 60200 86600 61500
1126 100 100 86000 89100 65300
1127 100 100 59900 86200 60800
1128 100 100 59700 111700 89800
1129 100 100 87800 88400 62300
1130 100 100 60800 86900 62000
1131 100 100 62700 103000 62100
1132 0 100 62300 102600 76700
1133 100 200 72800 99400 87600
1134 100 100 59900 87200 61800
1135 100 100 60000 85900 61700
1136 100 100 86400 100800 63900
1137 100 100 63700 101700 62500
1138 100 100 60900 87500 62600
1139 100 200 60900 114900 87400
1140 100 200 61000 101200 62800
1141 100 100 60100 113200 62300
1142 100 100 60800 88100 62600
1143 100 100 61100 87400 62100
1144 100 100 63100 89900 64200
1145 100 200 118700 88500 62700
1146 0 100 60500 88300 63000
1147 100 100 61600 117300 78700
1148 100 100 74300 88300 62600
1149 200 200 80700 88100 62400
1150 100 100 61400 130500 63600
1151 0 100 61700 88200 62800
1152 100 100 77200 120800 100400
1153 100 100 61400 140600 89600
1154 100 100 77100 88100 90500
1155 100 100 93300 89400 61800
1156 0 100 92900 304000 90100
1157 100 200 90400 88300 62800
1158 100 100 61800 88800 62400
1159 100 100 113700 89800 63300
1160 100 100 61400 88900 62900
1161 100 100 146600 89400 63100
1162 100 100 61800 88600 91700
1163 100 100 61000 89000 63000
1164 100 200 111200 117800 63700
1165 100 100 76200 127500 105300
1166 100 200 61900 116900 76500
1167 100 100 62300 89700 64000
1168 100 200 62600 90200 64700
1169 100 200 62500 89000 63600
1170 100 200 88400 116200 91000
1171 0 200 64900 93300 66100
1172 100 200 62700 89600 91700
1173 0 200 88900 105500 76900
1174 100 100 64700 93500 90300
1175 100 100 77300 93700 66700
1176 0 100 88300 104600 66600
1177 100 100 63100 89900 64900
1178 100 100 63100 90600 66100
1179 0 100 62600 89000 64200
1180 100 100 62600 90200 64400
1181 100 100 63200 106100 77800
1182 100 100 131800 157100 67900
1183 100 100 76500 106100 66300
1184 200 100 77600 92400 64800
1185 100 200 62300 90500 64100
1186 100 100 62600 134300 76700
1187 100 100 79400 104900 64900
1188 0 200 63400 91800 66900
1189 100 100 88400 166900 64300
1190 100 200 150600 213900 156600
1191 100 100 91600 105000 64900
1192 100 100 93400 116900 92000
1193 100 100 79800 91600 65200
1194 100 100 76700 95400 67100
1195 100 100 63800 92300 65700
1196 100 100 63800 92100 65500
1197 100 400 64200 92000 65500
1198 100 100 63200 91100 81400
1199 100 200 109200 106100 66100
1200 100 100 65800 136000 78800
1201 0 0 90800 104700 66000
1202 0 100 88800 143600 129000
1203 100 100 89300 143300 65700
1204 100 100 78400 92800 66400
1205 100 100 63900 92000 65300
1206 100 100 64600 92800 66300
1207 100 100 64800 92500 66300
1208 100 100 64500 92900 66100
1209 0 100 87300 162700 65600
1210 100 100 91800 92800 96900
1211 100 100 63800 119400 93600
1212 100 100 64500 92800 66400
1213 100 200 90000 145800 82800
1214 100 200 64500 93000 95200
1215 200 100 173600 142700 90200
1216 100 200 64100 92200 65300
1217 100 100 95400 92800 65800
1218 100 100 64900 92800 66000
1219 100 100 64500 93100 66000
1220 100 100 90800 118200 79000
1221 0 100 90700 121200 66600
1222 100 200 90700 122400 67300
1223 100 100 65300 93700 82900
1224 100 100 65300 146300 114600
1225 100 200 65200 121600 81700
1226 0 100 67300 140200 80600
1227 100 100 65100 94100 67400
1228 100 100 65200 94500 67600
1229 0 200 65900 94600 67400
1230 0 100 79300 94800 67100
1231 100 100 66800 108500 82900
1232 100 100 67900 97000 70000
1233 100 100 65800 95000 67600
1234 0 100 65700 110800 81500
1235 100 100 66100 95800 67800
1236 100 100 65800 95300 68000
1237 100 200 66000 94900 68000
1238 100 100 94500 95700 68200
1239 100 100 65500 94500 67500
1240 0 200 65800 93900 67800
1241 0 100 66300 111000 80500
1242 100 200 66300 95700 69900
1243 100 100 66200 95400 68800
1244 100 100 66500 96400 68100
1245 100 200 66700 124400 67900
1246 100 200 66400 138300 71000
1247 100 100 66200 96100 67800
1248 0 100 66500 95800 67500
1249 0 100 68300 112400 96000
1250 100 100 67000 96100 67800
1251 0 100 66200 95500 68500
1252 100 100 79000 96100 67900
1253 100 100 66800 96600 68400
1254 100 100 66800 96200 68000
1255 0 100 66800 96800 83900
1256 100 100 66400 97200 68600
1257 100 100 81400 99800 70700
1258 100 100 67100 96700 68200
1259 100 100 67200 125700 96200
1260 100 100 67000 97300 69000
1261 100 200 67900 96800 68600
1262 100 200 67100 97500 68900
1263 0 100 66900 96800 69200
1264 0 0 67500 97100 68700
1265 0 100 67300 97500 69200
1266 100 100 67300 97500 69000
1267 100 200 67200 97300 69800
1268 100 100 67300 97500 69200
1269 100 100 67200 97700 69500
1270 100 200 67600 97400 69300
1271 100 100 77700 94600 67800
1272 100 100 81000 139000 71200
1273 100 100 66900 96400 69600
1274 100 100 69000 98000 69400
1275 0 100 68000 98200 70100
1276 100 200 68200 98400 70100
1277 100 100 68100 98300 70200
1278 0 100 67900 98700 69300
1279 100 100 67700 98700 69500
1280 100 100 65700 95100 67700
1281 100 100 68000 98600 71100
1282 100 100 68200 98100 70000
1283 0 100 67900 98200 69800
1284 100 100 162100 222600 71500
1285 100 100 68600 98300 69500
1286 100 100 68500 98300 70000
1287 0 100 68600 153400 139000
1288 100 100 68500 98700 69600
1289 100 100 69200 118700 71000
1290 100 100 68100 99800 70000
1291 100 100 68400 113300 130500
1292 100 100 69100 99500 70600
1293 100 100 68900 99200 70700
1294 0 100 69300 100300 71000
1295 0 100 69400 100000 71000
1296 100 100 68800 99400 70500
1297 100 100 68600 99500 70700
1298 100 200 68900 98200 70300
1299 100 100 70600 100100 70900
1300 100 100 69200 99800 70900
1301 100 200 67000 97500 68600
1302 0 100 67800 96800 69500
1303 100 100 66900 96700 69500
1304 100 100 68900 100400 71900
1305 100 200 69500 100800 71200
1306 100 100 69900 100200 71300
1307 0 100 67600 125300 69300
1308 100 100 67600 97500 69500
1309 100 100 68000 97100 69200
1310 100 100 95700 98300 69700
1311 100 100 67600 97600 69100
1312 100 200 67500 97500 69100
1313 100 100 70100 100200 71600
1314 0 100 70000 101400 71100
1315 100 200 69700 102000 71500
1316 100 100 68700 102300 69500
1317 100 100 68000 98200 69800
1318 0 100 67700 98600 69900
1319 0 100 68400 98200 70100
1320 100 100 95900 98300 69600
1321 0 100 68500 98800 69900
1322 0 100 68000 98700 85700
1323 100 100 68500 98500 69900
1324 100 100 151500 140700 104600
1325 100 100 71000 174300 72300
1326 0 200 70700 102100 72800
1327 100 100 70500 102000 72200
1328 100 100 70700 101900 72000
1329 0 100 70900 102200 72400
1330 100 100 71200 102300 72700
1331 100 100 70100 101800 72400
1332 100 100 68600 99300 70600
1333 100 100 68500 100400 71400
1334 100 100 69100 99200 70800
1335 100 100 68300 98900 71000
1336 0 100 68800 99100 70500
1337 100 100 69100 99700 71500
1338 0 100 69200 100000 71900
1339 100 100 69000 99500 71400
1340 0 0 69300 99700 99000
1341 0 100 69200 99900 71800
1342 100 100 69300 100300 71600
1343 0 100 69400 100000 72400
1344 0 0 69100 100300 70800
1345 100 100 71600 103600 121000
1346 100 0 68800 100700 71100
1347 0 100 69500 128000 71500
1348 0 100 71200 104800 73400
1349 0 200 72000 103700 73100
1350 100 100 71900 103500 73600
1351 100 100 69500 101200 114500
1352 100 0 69800 100900 71700
1353 0 0 69400 238900 493800
1354 100 100 70000 100800 71400
1355 0 0 70400 101600 71900
1356 100 100 69900 100900 72200
1357 0 100 70100 101700 72100
1358 100 100 70400 101700 71800
1359 100 100 70400 101500 71400
1360 100 100 72200 113600 72400
1361 100 100 70400 101300 72000
1362 100 100 70700 100900 72500
1363 100 100 73000 101700 72400
1364 0 100 70300 101900 72500
1365 100 100 70100 101900 72400
1366 100 100 70400 101800 72800
1367 0 100 70800 101700 101100
1368 100 100 70600 101500 72700
1369 0 100 82600 102700 72700
1370 100 100 73200 105300 77800
1371 0 300 73500 106100 78500
1372 0 100 73000 105900 74900
1373 0 100 72600 105500 75100
1374 100 100 72600 105700 75100
1375 100 100 71100 102500 87800
1376 100 100 71200 102400 72000
1377 0 100 71100 130900 72700
1378 100 100 71100 102600 73300
1379 100 100 98900 102400 72500
1380 0 100 71100 103300 73100
1381 100 100 99100 103100 72600
1382 0 100 71400 102700 73200
1383 100 100 70800 102900 73100
1384 100 100 70900 103500 73500
1385 0 100 71100 103600 72900
1386 0 100 71000 103000 73300
1387 100 100 71400 104100 73500
1388 100 100 73600 106900 75800
1389 100 200 73300 106600 75900
1390 0 100 74000 106800 75900
1391 100 100 72100 103300 73800
1392 100 100 71700 103300 74000
1393 0 100 100200 104200 74400
1394 100 100 71400 103800 74200
1395 100 100 74200 108100 76500
1396 100 100 72100 103800 74000
1397 100 100 71900 104000 74300
1398 0 100 71900 104300 75400
1399 100 100 72000 104400 73800
1400 100 100 71700 103800 74100
1401 100 100 72200 104400 90700
1402 100 100 72500 104300 74300
1403 100 100 74900 108000 76600
1404 100 100 72300 104600 74500
1405 0 100 72600 105200 74500
1406 100 100 72600 132700 74300
1407 100 100 72500 106900 74300
1408 100 100 72500 104500 73900
1409 100 100 72100 104800 74700
1410 100 100 72500 105000 74600
1411 0 100 83400 149400 75900
1412 100 100 73000 133100 74700
1413 100 100 72400 143200 74500
1414 100 100 74800 108100 76700
1415 100 0 75300 108900 76500
1416 100 100 75800 109100 76900
1417 100 100 72900 105400 75200
1418 100 100 91200 117900 74900
1419 100 100 89300 119500 75400
1420 100 100 73500 133800 75100
1421 100 100 96800 121500 76900
1422 100 100 75800 109200 77900
1423 100 100 75000 109100 77100
1424 100 100 75300 107800 77100
1425 100 100 75800 110100 77800
1426 100 100 75700 109100 79000
1427 100 100 75300 109100 79800
1428 100 200 75700 109400 78100
1429 100 100 104000 121500 77500
1430 100 100 78700 113600 78700
1431 100 100 76600 109200 78400
1432 100 100 75600 109600 78000
1433 100 100 76300 114300 78200
1434 0 100 75600 125300 91400
1435 100 100 76000 110800 78400
1436 100 100 76100 110000 78600
1437 100 100 76900 111000 78600
1438 100 200 76400 110200 79200
1439 100 100 76400 110500 77800
1440 100 100 76100 143900 90400
1441 100 100 76300 112000 78000
1442 100 100 76200 110500 78100
1443 100 100 76700 110400 78400
1444 100 100 76400 111400 78800
1445 100 100 76600 110400 78900
1446 100 100 76500 111200 79200
1447 100 0 74300 107500 76600
1448 100 100 74700 107700 76600
1449 100 100 74600 108000 76600
1450 0 100 74200 108000 76600
1451 100 100 141800 108800 76700
1452 0 100 75100 122900 90800
1453 100 100 74800 108000 77000
1454 100 100 74500 107600 76500
1455 0 200 75400 108000 76800
1456 100 200 125300 223700 81300
1457 100 200 77100 116900 79700
1458 100 100 77500 111500 79400
1459 100 100 77800 112500 79700
1460 100 100 77100 111700 79700
1461 100 100 76900 112300 79900
1462 0 100 75000 109200 77500
1463 100 100 88900 108500 78000
1464 100 100 75300 109600 78600
1465 100 100 75200 109100 78100
1466 100 100 75500 109200 77700
1467 0 100 75600 109400 78100
1468 100 100 75800 109000 105900
1469 100 0 75200 109200 78500
1470 100 100 76000 110000 78100
1471 0 200 75800 109700 125300
1472 100 0 75400 109500 77400
1473 100 100 75500 109700 77700
1474 0 0 75600 109500 78000
1475 0 0 76000 109500 78000
1476 100 100 76100 110300 78200
1477 100 100 76200 110400 78300
1478 100 100 76100 110500 78300
1479 0 100 76300 109800 133200
1480 0 100 75900 110600 94700
1481 100 100 76200 110200 78800
1482 100 100 93200 125400 78500
1483 0 100 76100 110800 78200
1484 100 100 76700 110500 78800
1485 0 100 76900 110500 78400
1486 100 100 76600 111300 78600
1487 0 100 76700 183800 135600
1488 100 100 77300 111300 80800
1489 100 100 76400 110700 79000
1490 100 100 78400 111500 79000
1491 100 100 76700 111100 163300
1492 100 100 104800 111000 79300
1493 100 100 77400 112100 79500
1494 100 100 77100 140200 79500
1495 100 100 94000 143200 107400
1496 100 100 77400 111900 79400
1497 100 100 77000 111900 79400
1498 0 100 77000 112000 79500
1499 100 200 79400 115500 90100
1500 100 200 79600 145800 82800
1501 100 100 79700 114700 82300
1502 100 100 77500 139700 79300
1503 0 100 77600 111700 108300
1504 0 100 77300 112100 79200
1505 0 100 77600 112500 79800
1506 100 100 77400 112400 96300
1507 100 100 80200 115800 82600
1508 100 100 77700 112400 79800
1509 0 100 77500 112200 81100
1510 100 100 77500 115400 79400
1511 100 100 77600 112400 80000
1512 0 0 77900 112600 79800
1513 0 0 77900 112700 80400
1514 100 100 77900 112300 79900
1515 100 100 77600 141000 80100
1516 100 100 77700 112900 79500
1517 0 100 79100 112900 79900
1518 100 100 77900 113200 80400
1519 100 100 95100 125800 80400
1520 0 0 78100 113100 108400
1521 0 100 106500 113200 80300
1522 100 100 80200 116800 82800
1523 0 100 78200 113000 81300
1524 100 100 78400 114300 80700
1525 100 100 78600 113600 80500
1526 0 100 78400 170900 96600
1527 100 100 78500 142100 81300
1528 100 100 78400 113800 80900
1529 0 100 78600 113700 81400
1530 0 100 81700 117200 83800
1531 0 100 79100 114000 80800
1532 100 100 78900 114100 81200
1533 100 100 78800 114100 81900
1534 100 100 78700 113900 81900
1535 100 100 79500 114200 81300
1536 100 100 79500 114100 81100
1537 0 0 79300 115200 81100
1538 100 200 81800 147500 84000
1539 100 100 79100 114600 81300
1540 100 100 78900 114900 81100
1541 100 100 79000 115100 81400
1542 100 100 79000 132300 94200
1543 100 100 79200 114400 81500
1544 100 100 79300 114800 81500
1545 100 100 81600 119000 84100
1546 100 100 79700 115200 81700
1547 100 100 79100 115600 81100
1548 100 100 79600 115100 82000
1549 100 100 79700 115100 81500
1550 0 100 80200 115800 81900
1551 100 100 79400 115400 82700
1552 100 0 79600 116500 81800
1553 100 100 80500 115400 82200
1554 100 100 80300 115800 82100
1555 0 100 79700 116400 96800
1556 0 100 80200 116700 82500
1557 0 100 80200 143900 82400
1558 0 100 80200 116000 82200
1559 100 100 79900 143900 82900
1560 100 100 108000 138600 95400
1561 0 200 82800 119200 85300
1562 100 100 80000 115900 82800
1563 0 100 79800 116100 83000
1564 0 100 80500 179200 83600
1565 100 100 80500 116800 82400
1566 100 100 81200 118100 82900
1567 100 100 80500 146900 82800
1568 100 100 80700 116900 150600
1569 100 100 80500 117000 82700
1570 0 100 81100 118000 82500
1571 0 100 80800 116800 82900
1572 0 200 80600 117400 82700
1573 100 100 81100 116100 83500
1574 100 100 81100 117100 82700
1575 100 100 80800 118100 82800
1576 100 100 83600 120900 86000
1577 100 100 83600 121300 86300
1578 100 100 83700 121200 85900
1579 100 100 83500 120600 85500
1580 100 100 83500 119700 85200
1581 100 100 83900 121700 85700
1582 100 100 84300 121500 86200
1583 100 100 83900 122600 86100
1584 0 100 84400 122300 86700
1585 100 100 83800 121900 85900
1586 0 100 84000 121700 86400
1587 100 100 81400 146400 83900
1588 0 100 81700 118100 83900
1589 0 100 81900 118300 84200
1590 100 200 84100 121900 87000
1591 0 100 82000 118200 84300
1592 100 0 82000 118300 84500
1593 0 100 82000 118700 84500
1594 100 100 82300 119100 84300
1595 100 100 81900 118500 84600
1596 100 100 82100 118200 84700
1597 100 100 81600 118700 86400
1598 0 100 84800 122500 98600
1599 0 100 84700 123600 86300
1600 100 100 84500 122700 86800
1601 100 100 88300 136300 100100
1602 100 100 84700 123200 87200
1603 0 0 86800 123100 86900
1604 100 100 85300 123400 86600
1605 100 100 85000 124100 87600
1606 100 100 84300 123300 86700
1607 100 100 85700 123700 86900
1608 0 100 83000 119900 85800
1609 100 100 94500 119900 84700
1610 0 100 85200 133500 85100
1611 0 200 83400 120200 84700
1612 100 100 83100 119700 85500
1613 0 100 82700 120500 101100
1614 0 100 82500 120100 85100
1615 100 100 83100 120900 85400
1616 100 100 83100 120500 101200
1617 100 100 83200 120600 85800
1618 0 100 82900 121100 85800
1619 100 100 99900 194000 89100
1620 0 100 83400 120700 86000
1621 100 100 83100 121600 86000
1622 100 100 85700 123400 87600
1623 0 100 86200 124200 88600
1624 0 100 96800 120800 86300
1625 100 200 84300 121300 85700
1626 100 100 85700 124300 88000
1627 100 100 86300 124500 88400
1628 0 100 86200 135700 86800
1629 0 200 96700 121000 86300
1630 100 100 83400 121300 86600
1631 0 100 83900 148700 85900
1632 100 100 83800 121800 86300
1633 0 100 86000 124800 114100
1634 100 100 84800 121800 85800
1635 100 100 84600 121500 85900
1636 100 100 84500 121500 87000
1637 100 100 86800 124900 88600
1638 100 100 88000 126100 88800
1639 100 100 87000 125700 88800
1640 100 100 86800 126200 118000
1641 100 100 87100 125200 89200
1642 100 100 87400 127000 89700
1643 0 100 86700 126000 89100
1644 100 100 84300 124200 86100
1645 100 100 84600 122700 87200
1646 100 100 87200 126200 92200
1647 100 100 88000 126500 89200
1648 100 100 86900 126400 89900
1649 0 0 84600 123100 116100
1650 100 100 112900 123200 87600
1651 0 100 84900 150900 87500
1652 100 100 85300 122500 87800
1653 100 100 85000 122900 87300
1654 0 100 85800 123900 87300
1655 100 100 85000 123100 87600
1656 100 100 85100 122300 87300
1657 100 100 85400 123000 87500
1658 100 200 85600 124200 89800
1659 0 100 87100 123300 87600
1660 100 100 85400 124200 88500
1661 100 100 88800 127300 90800
1662 100 100 85100 123700 88000
1663 0 100 85600 151800 87900
1664 100 100 85300 124400 87200
1665 0 200 88700 127800 90500
1666 0 100 87800 127600 92100
1667 0 100 88600 128200 91000
1668 100 100 186000 170400 90600
1669 200 100 88300 127900 90400
1670 100 100 88400 128200 90500
1671 100 100 88900 127600 91300
1672 0 100 89600 127800 90900
1673 100 100 88800 128100 91500
1674 100 100 89000 128000 90900
1675 100 100 89100 128100 91000
1676 100 200 88800 128700 91500
1677 100 100 88500 128900 91400
1678 200 100 89000 129200 90900
1679 0 200 89600 130600 91500
1680 100 100 89100 129300 92200
1681 0 100 88900 251700 203100
1682 100 100 88600 130200 91400
1683 100 100 125800 128100 119900
1684 100 100 89400 129000 91600
1685 100 100 89400 130000 91900
1686 100 100 89600 129800 91900
1687 100 100 89700 129200 92200
1688 100 100 89600 129700 93600
1689 100 100 89500 130000 92100
1690 100 100 89600 144200 106600
1691 200 200 92300 133400 94800
1692 100 100 89500 147900 95700
1693 100 400 90400 130200 109300
1694 100 100 90000 130300 92900
1695 100 100 92500 145400 91300
1696 0 300 90600 130100 96300
1697 100 100 90000 130300 92500
1698 100 100 89800 130200 91600
1699 100 100 89900 130500 92600
1700 100 100 104200 129900 92500
1701 200 500 93000 135000 95800
1702 0 100 108100 145300 92600
1703 100 100 90300 130300 93100
1704 100 100 103000 130400 93000
1705 100 100 103600 132100 92100
1706 100 100 89900 130400 92700
1707 0 100 90100 130900 92700
1708 0 200 90800 131100 94000
1709 0 100 91200 131600 92400
1710 100 100 90500 131000 93000
1711 100 100 90300 130700 92800
1712 100 100 91100 130600 93200
1713 0 100 91300 145300 93800
1714 0 100 91100 131500 93400
1715 100 100 91200 131700 93600
1716 100 100 90900 179500 123400
1717 0 200 94500 135600 97100
1718 200 100 94000 136200 96200
1719 200 100 93500 135800 96100
1720 100 100 98300 136100 96700
1721 0 400 104800 132400 93900
1722 100 100 94000 136000 96400
1723 100 100 94100 136300 97100
1724 100 100 94800 136000 96600
1725 0 100 97200 136200 96500
1726 100 100 94700 136500 97100
1727 100 100 92000 131900 93900
1728 100 100 91300 132900 93500
1729 0 100 91600 175700 94100
1730 100 100 91800 131900 112800
1731 100 100 92900 132600 94000
1732 100 100 94300 133700 94100
1733 100 200 121200 132300 93800
1734 100 100 91300 134200 93700
1735 0 100 91800 134100 94700
1736 100 100 92400 133100 94400
1737 100 100 91700 162100 94300
1738 100 100 92300 133800 127700
1739 100 200 92400 133400 94200
1740 100 100 92300 134700 94700
1741 0 100 92500 133400 94300
1742 100 100 95700 137500 98300
1743 100 100 95800 138900 99900
1744 200 200 95400 141600 98500
1745 100 100 96400 139100 98500
1746 0 500 96000 138500 99600
1747 100 200 95500 140100 98100
1748 100 100 96200 140800 98700
1749 0 200 93900 136000 95600
1750 0 200 106900 134200 95500
1751 100 200 96000 138500 98800
1752 100 100 96500 138300 99100
1753 100 100 93400 134700 95400
1754 0 100 92500 134700 95600
1755 0 100 96200 140700 99100
1756 0 300 95800 139300 114600
1757 100 100 96300 138700 100300
1758 0 100 95900 139000 98800
1759 100 100 96500 139200 98600
1760 100 200 95800 141800 98300
1761 100 100 96500 138600 98800
1762 100 100 96200 139400 99300
1763 100 100 96800 138800 100300
1764 100 200 96700 139700 100700
1765 0 100 98300 139600 98200
1766 100 100 96600 141000 99200
1767 0 100 99100 140000 98600
1768 0 100 97100 141500 98500
1769 100 100 97000 140100 99100
1770 100 100 108700 135300 96200
1771 100 200 97300 139500 99100
1772 100 100 94100 136200 96700
1773 100 100 93600 136500 96800
1774 100 100 94000 136200 97200
1775 100 100 94400 136500 96700
1776 100 100 94000 136100 96900
1777 100 200 95000 137700 97300
1778 100 200 97200 140700 102400
1779 100 100 97600 140800 100200
1780 100 100 95000 136000 97100
1781 100 100 93600 136000 97000
1782 100 100 94600 136400 96400
1783 100 200 94900 137800 115300
1784 100 100 93900 136700 96900
1785 0 100 94100 184200 98300
1786 100 100 94500 138000 96700
1787 100 100 94300 136800 96900
1788 100 100 94900 136500 97500
1789 100 100 94700 137400 99400
1790 100 200 109800 156600 101100
1791 100 100 94800 138100 96800
1792 100 200 95600 138300 97300
1793 0 100 95200 169700 98300
1794 0 100 95800 137800 97800
1795 100 100 200200 453600 184000
1796 100 200 95200 137800 97300
1797 100 100 110200 137600 97500
1798 100 100 95500 138200 97400
1799 100 500 95500 138400 97900
1800 0 100 96200 138600 98300
1801 100 100 95900 138100 98000
1802 100 100 95600 137600 98300
1803 100 100 95900 138600 98100
1804 0 200 95900 138500 97600
1805 100 100 95200 138300 97600
1806 100 100 95500 138700 98100
1807 100 100 96000 139600 97800
1808 100 100 96000 138300 97700
1809 100 100 96400 137900 98400
1810 100 100 95700 138800 98300
1811 100 100 96200 138600 99900
1812 100 100 92500 135300 95300
1813 0 100 93000 135300 96300
1814 0 100 95700 140700 98400
1815 100 100 96000 138400 98400
1816 100 100 95800 141900 99200
1817 100 100 95700 138900 99600
1818 0 100 95700 140500 100300
1819 100 100 96000 139200 99100
1820 0 100 109300 139600 100100
1821 100 100 126100 139700 99100
1822 100 100 96300 140100 100000
1823 0 100 96200 139900 99100
1824 0 100 96500 140200 98800
1825 100 100 96600 169700 98800
1826 100 100 96700 140100 99500
1827 100 100 94100 135800 96500
1828 200 100 111000 141000 100200
1829 100 400 97500 141700 99300
1830 0 0 93700 135300 96400
1831 100 100 97600 141400 99800
1832 0 100 97200 155200 141200
1833 100 500 97700 140500 100300
1834 100 100 96900 141500 99300
1835 100 100 97200 140900 100100
1836 100 100 97500 141300 102800
1837 100 200 97300 143400 99900
1838 200 100 98700 140900 100300
1839 100 100 98300 141600 100400
1840 100 100 97200 140600 101000
1841 200 200 135400 142000 100900
1842 100 200 97600 142600 100600
1843 100 100 98000 141700 105400
1844 100 100 98000 142100 101200
1845 0 100 98300 144100 100700
1846 100 200 98300 142800 101200
1847 100 100 99100 142500 100900
1848 0 200 98000 142300 100900
1849 0 200 98000 141900 100700
1850 100 500 99900 145100 102800
1851 100 100 98100 141400 101000
1852 100 200 98100 142500 102000
1853 100 100 97800 142000 101100
1854 0 100 98100 141300 101800
1855 100 100 99100 155500 102700
1856 100 100 98000 142500 100400
1857 100 100 98400 143200 100400
1858 100 100 95600 137500 98200
1859 100 100 95600 137800 98200
1860 100 100 98200 141600 101500
1861 100 100 98700 142900 100300
1862 100 100 98300 142600 100700
1863 0 100 98600 142400 101100
1864 0 100 98900 142300 100700
1865 100 100 98900 143400 101300
1866 100 100 98400 142800 100800
1867 100 100 99100 143000 101100
1868 0 100 98900 142900 101600
1869 100 100 99500 143400 101600
1870 100 100 99100 143300 101500
1871 100 100 99800 143500 101900
1872 0 100 99200 143500 101600
1873 100 100 99000 143800 102300
1874 100 100 100100 143900 102300
1875 100 100 99400 145900 111800
1876 100 100 96800 139100 99600
1877 100 100 96100 139800 99200
1878 100 100 96200 139500 126800
1879 100 200 96100 140400 99300
1880 0 100 96600 140200 99700
1881 0 100 115000 152500 100100
1882 100 100 96200 141200 99200
1883 100 100 96800 140300 99600
1884 100 100 96800 140500 99800
1885 100 100 99400 145900 103000
1886 0 100 97100 168300 99800
1887 100 100 125000 140400 99200
1888 100 100 99900 147600 102200
1889 100 100 100800 146100 103300
1890 100 100 99600 144500 102400
1891 100 100 102000 239200 127500
1892 0 100 99600 142900 102300
1893 100 100 99600 145800 102800
1894 100 100 100500 145200 103200
1895 100 100 100800 144900 103100
1896 0 100 100400 144100 103900
1897 100 100 100400 145200 104400
1898 100 100 100700 145700 103900
1899 100 100 100500 146200 102600
1900 100 100 100600 146200 103500
1901 0 100 112600 145200 103300
1902 0 100 97500 141000 100000
1903 100 100 101000 145700 102900
1904 100 100 100600 146100 103700
1905 100 100 100700 146100 104500
1906 100 100 98100 141900 170700
1907 100 100 98200 141500 128800
1908 100 100 98200 170500 100800
1909 100 100 98200 155800 114900
1910 100 100 126800 141400 101200
1911 100 100 98500 141900 101500
1912 100 100 98200 142100 101200
1913 100 100 98700 142700 102000
1914 0 100 99200 141900 129000
1915 0 100 98300 142000 101500
1916 100 100 101600 176400 104800
1917 100 100 98100 171000 101800
1918 100 100 99000 142300 101500
1919 100 200 102000 146900 103500
1920 100 100 101200 147100 103900
1921 100 100 101500 147900 103800
1922 100 200 101700 148000 105700
1923 100 100 102100 147400 106000
1924 0 100 98900 142500 100600
1925 100 100 99100 173400 101900
1926 0 100 98900 161400 114400
1927 100 100 98900 143500 101200
1928 100 100 99800 143300 119300
1929 100 100 128900 144300 101800
1930 100 100 101900 148400 104400
1931 100 0 102000 148100 105600
1932 100 100 103100 147200 104700
1933 100 200 102400 148700 105100
1934 100 100 102400 148500 105100
1935 100 100 102000 149400 105300
1936 0 100 102500 148900 106100
1937 0 100 102300 148900 106700
1938 0 100 102500 148100 105300
1939 100 100 102700 148400 106900
1940 0 100 102400 161600 102100
1941 100 100 155600 226300 105800
1942 0 100 102600 148800 105300
1943 200 100 102500 148900 105000
1944 100 100 104100 149600 105700
1945 0 100 103300 149200 106300
1946 100 100 100000 172500 103100
1947 0 100 102300 149400 106200
1948 100 100 99500 144500 102900
1949 100 100 99900 145400 103300
1950 100 100 99300 144000 102900
1951 100 100 100100 145300 102300
1952 100 100 99900 145600 102600
1953 100 100 145300 274700 257900
1954 100 200 113400 145400 103300
1955 100 100 113800 150000 106500
1956 100 100 103400 149400 106100
1957 100 100 100200 173800 103300
1958 100 100 138600 159100 103100
1959 100 200 99800 144400 102300
1960 0 100 100800 146300 103300
1961 100 100 100100 146900 103100
1962 100 100 100800 145500 103400
1963 100 100 100900 145300 103000
1964 100 100 101300 145600 105100
1965 100 0 100500 146000 105200
1966 100 100 100500 147200 103800
1967 100 100 100700 148000 103600
1968 100 100 114000 147400 104000
1969 100 100 100900 146200 103800
1970 100 0 101200 146700 104300
1971 100 100 103700 152300 107000
1972 100 100 129400 146800 104400
1973 100 100 101100 147000 104600
1974 0 100 100900 146500 104100
1975 100 100 101700 146800 104300
1976 0 100 103000 147500 104200
1977 100 100 102000 146800 104900
1978 0 100 101800 148100 104600
1979 0 100 101900 146500 132200
1980 0 100 118300 175900 176900
1981 100 200 106700 152000 108300
1982 100 100 104800 151800 107500
1983 100 100 103800 152300 107000
1984 100 100 105300 151500 107300
1985 100 100 101800 148600 104300
1986 100 100 101900 147800 104600
1987 0 100 102100 147900 133300
1988 200 100 117800 403500 108400
1989 100 100 105600 154100 107700
1990 100 100 105100 152300 108300
1991 0 100 105600 152700 107700
1992 100 100 115500 147900 104700
1993 100 200 102200 149300 120400
1994 100 100 102600 148600 104600
1995 100 100 102700 148500 105600
1996 100 100 130000 148900 105000
1997 100 100 102100 148300 105300
1998 100 100 105300 148600 105500
1999 200 100 149500 168500 125900
2000 100 100 102500 176900 105700
2001 100 100 131100 164300 119700
2002 0 200 106300 153100 108600
2003 100 100 106100 211900 109000
2004 0 100 105700 152700 108400
2005 100 100 106200 154000 109200
2006 100 100 103300 177600 106200
2007 100 100 102700 149100 107900
2008 100 100 105100 149600 107000
2009 100 100 102900 150100 105600
2010 100 100 103100 178900 106600
2011 100 100 104200 166600 109100
2012 0 100 102800 150100 106600
2013 100 200 103700 149700 106800
2014 0 100 103600 177700 106300
2015 0 100 103800 150200 105800
2016 100 100 104100 149900 122200
2017 100 100 103600 168400 118800
2018 100 100 103200 189800 106300
2019 100 100 103900 150200 107100
2020 0 100 103700 150000 106700
2021 100 100 103400 150200 106700
2022 100 100 118200 150400 106800
2023 0 100 104000 150900 135400
2024 100 100 182600 182400 124900
2025 0 100 107100 155400 112100
2026 0 100 107000 154700 110100
2027 100 100 106300 153600 111900
2028 100 100 106700 155100 109900
2029 100 0 107000 155300 110100
2030 100 200 103900 150700 135500
2031 100 100 104800 150900 107000
2032 100 100 103900 180600 106500
2033 100 300 105200 151300 107600
2034 0 100 104500 151800 106700
2035 100 100 104900 151700 135500
2036 0 100 104300 152900 108700
2037 100 100 104500 152000 107500
2038 100 100 104800 152000 107100
2039 100 100 105100 152300 107800
2040 100 100 104400 179200 107500
2041 100 100 104700 183400 108100
2042 100 100 105000 151900 108500
2043 0 100 133300 151500 107800
2044 0 100 108800 156000 113000
2045 100 100 104700 151700 108100
2046 100 100 105300 152200 108300
2047 100 100 104500 152300 107600
2048 100 100 104900 152400 126600
2049 100 100 108000 157300 113200
2050 0 100 105700 152000 107800
2051 100 0 105500 181200 108300
2052 100 100 105700 153200 108200
2053 100 100 105500 152900 107700
2054 100 100 105100 181100 107900
2055 100 100 119200 152300 108600
2056 100 100 105100 152700 136600
2057 100 100 105300 153100 108400
2058 100 100 108300 153200 109500
2059 100 100 105100 153400 108200
2060 0 0 105400 152400 108300
2061 100 100 106000 153000 109000
2062 100 100 105600 153200 108600
2063 100 100 196700 200200 135100
2064 0 100 106000 153400 137400
2065 100 100 106100 153500 109100
2066 100 100 108800 158400 122300
2067 100 100 106300 182300 108700
2068 0 100 105600 153700 109800
2069 100 100 106100 153200 109600
2070 0 100 106200 153800 109300
2071 100 100 106400 154200 109300
2072 100 100 106600 154100 109200
2073 0 100 106200 154800 109900
2074 100 100 106200 154600 109600
2075 100 100 106600 154400 110000
2076 100 100 106300 171600 123100
2077 100 100 276000 379200 133700
2078 100 100 109700 158800 113000
2079 0 100 109900 160400 112400
2080 100 100 110000 159900 113700
2081 100 100 109800 160400 112900
2082 0 100 110200 160100 112400
2083 0 100 109800 158900 112400
2084 100 100 121800 154400 109600
2085 100 100 106800 155100 109700
2086 100 100 107100 154700 110200
2087 0 100 109700 159300 112800
2088 100 100 110600 159600 113800
2089 100 100 110600 161400 113700
2090 100 100 110700 160100 115000
2091 100 100 110100 160300 113800
2092 100 100 110000 160900 115500
2093 100 100 110200 160600 117700
2094 100 200 107400 155700 110300
2095 100 100 111700 160900 113500
2096 0 100 110000 161800 114300
2097 0 100 107900 184200 111000
2098 100 100 107600 156300 138900
2099 100 200 107900 185100 111300
2100 100 100 122900 156300 110600
2101 100 100 136200 156700 110400
2102 0 100 135300 156300 111100
2103 0 100 107500 183800 110800
2104 100 200 108200 185600 111600
2105 100 100 108300 156500 111100
2106 100 100 107300 157300 111400
2107 100 200 111500 162000 114800
2108 0 100 108700 156800 112000
2109 0 100 110900 161300 114300
2110 0 100 111400 161600 114900
2111 100 100 111000 163100 114500
2112 100 100 122600 172200 126600
2113 100 100 108000 156900 111100
2114 100 100 108900 157500 111300
2115 100 100 108600 156700 111500
2116 100 100 107700 157900 111900
2117 100 100 108300 156900 111500
2118 100 100 108200 158300 113800
2119 0 100 110700 157900 111700
2120 100 100 109400 188200 111800
2121 100 0 108300 159100 111400
2122 100 200 108400 157900 112200
2123 0 100 108900 158100 111900
2124 0 100 109100 158900 140800
2125 100 100 111900 162100 114800
2126 100 100 137000 157700 111700
2127 0 100 108500 157900 112000
2128 0 200 121900 158200 112500
2129 0 100 109000 158600 113900
2130 100 100 109500 159100 112600
2131 100 100 109300 158100 112400
2132 100 100 139000 158200 112100
2133 100 100 109300 158500 112300
2134 0 100 108500 158700 112400
2135 100 100 137900 159100 112600
2136 100 100 112700 163400 117100
2137 100 100 109500 159200 128500
2138 100 100 109400 160300 142200
2139 0 100 109200 159100 113200
2140 0 100 109400 159700 141300
2141 100 100 113900 164000 117300
2142 0 100 113400 164200 116700
2143 100 100 113300 164300 115900
2144 100 100 113500 164300 116300
2145 100 100 113300 163400 116400
2146 0 100 113900 163700 117200
2147 100 100 113300 164000 115600
2148 100 100 110500 159600 112700
2149 100 100 110500 159900 113200
2150 0 100 110500 160200 113900
2151 100 100 110100 176200 127200
2152 100 100 110300 159200 114200
2153 100 100 109800 159900 113000
2154 0 100 114400 164800 116900
2155 0 0 113100 165200 117500
2156 100 100 113500 164800 116800
2157 0 100 114100 165400 117200
2158 0 100 115800 165000 117400
2159 100 100 110900 160100 114900
2160 0 100 111300 159800 114100
2161 100 100 112500 160600 114800
2162 0 100 110700 160700 113800
2163 100 100 111200 160700 113700
2164 100 100 110600 161300 113600
2165 100 100 110800 161200 113600
2166 100 100 111300 161200 114700
2167 100 100 251700 384900 158800
2168 100 100 115200 165600 118400
2169 100 100 114800 166300 119200
2170 100 100 115100 165700 118200
2171 100 100 114000 165500 118200
2172 100 100 114300 167800 118300
2173 100 200 115900 166200 118600
2174 100 100 115000 167100 118100
2175 100 100 111300 161500 142900
2176 100 100 111300 161800 114400
2177 100 100 111900 162000 132700
2178 100 100 111700 162100 113900
2179 100 100 110500 160300 113100
2180 100 100 111100 162000 114600
2181 0 100 113200 162500 114800
2182 100 100 112600 163400 114900
2183 0 100 111900 162300 142800
2184 100 100 111800 191500 115400
2185 100 100 112200 162500 115700
2186 100 100 111700 162000 114700
2187 100 200 111800 218600 217800
2188 0 100 111900 162100 115300
2189 100 100 112300 165100 114900
2190 100 100 112300 163900 115900
2191 100 100 111900 162700 115400
2192 100 100 213900 168500 119600
2193 100 100 112000 163100 116100
2194 0 100 112200 163300 115100
2195 0 100 115100 163100 116400
2196 100 100 112800 164000 117300
2197 0 100 112800 163500 117500
2198 100 100 112200 163300 145700
2199 100 100 112200 164100 115500
2200 100 100 114400 163600 116400
2201 0 100 116300 163600 115200
2202 0 100 112700 163800 115800
2203 100 100 116600 169200 121000
2204 100 100 113500 164300 116000
2205 100 100 143600 164200 116900
2206 100 200 116700 169500 121700
2207 100 100 116500 170000 119600
2208 0 100 116800 168500 119200
2209 100 100 116300 169300 119200
2210 0 100 117800 170300 118800
2211 100 100 112500 164100 117900
2212 100 0 113300 165000 116600
2213 100 100 112800 164200 118100
2214 100 100 113900 165200 116300
2215 100 100 112800 164900 116500
2216 100 200 113500 167200 116400
2217 100 100 114000 165100 116200
2218 100 0 113900 165500 117400
2219 100 100 117300 170900 121200
2220 0 100 113800 165800 116800
2221 100 100 113700 165500 117000
2222 100 100 113900 164900 117400
2223 0 100 113600 166100 117900
2224 0 100 120000 198300 120800
2225 100 100 114200 165400 117400
2226 100 100 114100 164900 117500
2227 100 100 116800 170700 121200
2228 100 100 117600 170000 121400
2229 0 200 117900 170800 120700
2230 100 100 113700 166300 117700
2231 100 100 114000 165700 118000
2232 100 100 113900 166400 117600
2233 100 100 114300 166500 147900
2234 100 200 207100 170200 120000
2235 100 100 118100 171000 121400
2236 100 200 133100 171600 121200
2237 100 100 117900 171600 133800
2238 0 100 117800 171500 122400
2239 100 100 114500 166300 117500
2240 0 100 114800 166500 120000
2241 100 100 115500 169900 117600
2242 100 100 114900 166200 118200
2243 100 100 115200 165400 118100
2244 100 200 118900 172200 133700
2245 0 100 115500 167400 118100
2246 100 100 115000 167200 203400
2247 100 200 115500 168100 118800
2248 0 100 128400 167200 119000
2249 100 100 233500 171700 121600
2250 100 100 135200 185000 122100
2251 100 100 119500 172400 121700
2252 0 100 119000 173600 121600
2253 100 100 119700 172800 122400
2254 100 100 118900 173300 122700
2255 0 100 118700 173600 122700
2256 100 100 115200 179900 118800
2257 100 100 115600 168300 118700
2258 0 100 115400 168400 118900
2259 100 100 119200 173200 123300
2260 100 100 116400 168000 119400
2261 100 100 116200 168500 118900
2262 100 200 120700 173700 123200
2263 100 100 119000 173500 122900
2264 100 100 120100 173100 123400
2265 100 100 127900 167800 119800
2266 100 100 116000 168200 119400
2267 100 100 120300 174200 123500
2268 0 100 120000 174200 124400
2269 100 100 120400 175700 123300
2270 100 100 116700 168300 120500
2271 100 100 116300 169700 119700
2272 100 100 116700 184000 123100
2273 100 100 116200 169300 118900
2274 0 100 116300 169400 203900
2275 100 100 145300 169700 120300
2276 100 0 116900 169300 120000
2277 100 100 116600 168700 119600
2278 100 200 118000 169100 119800
2279 0 100 116800 168800 119900
2280 100 100 120400 174600 125200
2281 100 100 117000 169400 120000
2282 0 200 116600 169100 120400
2283 100 100 117300 198600 120400
2284 0 100 146400 170000 120200
2285 100 100 117500 170200 121000
2286 0 100 117700 170200 120400
2287 100 100 117300 198200 123100
2288 0 100 117400 169900 120600
2289 0 100 117400 170100 120700
2290 100 100 117400 170500 120400
2291 100 100 116800 170800 120900
2292 100 100 117700 169900 120300
2293 100 100 117500 171100 123000
2294 100 100 117800 172000 121200
2295 100 200 117600 171000 146700
2296 0 100 118000 170800 149100
2297 100 100 133000 171300 121600
2298 100 100 118100 198400 121400
2299 100 100 117400 171400 121500
2300 100 100 117700 171600 122000
2301 100 100 121400 176400 125700
2302 100 100 121700 183700 121500
2303 0 100 118100 171100 122600
2304 100 100 118500 170900 121300
2305 100 100 117900 171000 121400
2306 0 100 118500 171000 135400
2307 0 100 118800 172700 121400
2308 100 100 135100 184300 121700
2309 100 100 122000 190200 121400
2310 0 100 118300 200300 121800
2311 0 100 118300 172100 150200
2312 100 100 119100 172700 121500
2313 100 100 118600 172200 121900
2314 0 100 213400 232900 125300
2315 100 100 119400 172500 121900
2316 0 100 118400 173400 122200
2317 100 100 119100 173300 121600
2318 100 100 118300 172100 121700
2319 100 100 118700 187100 135800
2320 100 100 146700 172200 122200
2321 100 100 146500 172600 122800
2322 100 100 119400 172400 122500
2323 100 100 132900 172100 122500
2324 100 200 118400 200600 123000
2325 100 100 118700 172600 123200
2326 100 100 119500 173700 122800
2327 100 100 118900 173400 123300
2328 100 100 119200 173300 123600
2329 0 100 123000 178300 126600
2330 100 100 118800 173300 140100
2331 0 100 119700 173500 123800
2332 100 200 123400 178200 129400
2333 100 100 122700 178400 127700
2334 100 100 125400 179000 126700
2335 100 100 123100 180400 126300
2336 0 100 119800 173600 122800
2337 100 100 120000 173300 122200
2338 100 100 119500 173700 122900
2339 100 100 150600 174200 122600
2340 100 100 120400 203100 123400
2341 100 100 120100 174700 124500
2342 100 100 120200 174200 122700
2343 100 100 120200 173700 122700
2344 0 100 120100 174700 123700
2345 100 100 120700 174800 123500
2346 100 100 119800 174500 124000
2347 100 100 120300 174400 123700
2348 100 100 119800 174800 123500
2349 100 100 120100 202700 124300
2350 100 100 121000 202500 123600
2351 100 100 148500 174900 123800
2352 100 0 120700 205600 123900
2353 100 200 128400 186000 131400
2354 100 200 124400 181400 127200
2355 100 100 123800 181200 128500
2356 100 200 124400 240800 127900
2357 100 100 124900 180000 128000
2358 0 100 125000 182100 128500
2359 100 100 124400 180900 128300
2360 100 100 128800 180900 128600
2361 100 100 124700 180400 128300
2362 100 100 128800 187200 134400
2363 100 100 125500 181000 131100
2364 100 100 125000 180500 128600
2365 100 100 124700 181200 128300
2366 100 100 122100 189800 199200
2367 0 100 124900 186700 128200
2368 100 0 121300 175900 154500
2369 100 100 121200 176000 124400
2370 0 100 121500 176000 124900
2371 100 200 125300 180900 128300
2372 0 100 123900 176300 125100
2373 100 100 121400 176200 124800
2374 0 100 122300 176000 124900
2375 0 100 122300 177200 125300
2376 100 200 121800 206000 124800
2377 0 100 150500 176400 125600
2378 100 200 121700 176800 153500
2379 0 100 138100 193600 125200
2380 0 100 121800 177100 125900
2381 100 200 122200 176300 125400
2382 100 100 122000 176900 125300
2383 100 100 122800 178400 125300
2384 100 100 122100 177800 125600
2385 100 100 125700 183300 130100
2386 0 100 122100 177700 126300
2387 100 200 122700 177600 126100
2388 100 100 121500 206200 126100
2389 100 100 151000 177100 125300
2390 100 100 121800 178600 126300
2391 100 100 151300 177700 126300
2392 100 100 122600 177600 126300
2393 0 200 122000 178100 126200
2394 100 100 125600 183800 130600
2395 100 100 122000 179900 126600
2396 100 100 126000 184600 178800
2397 100 100 151100 178200 127000
2398 0 100 122300 178100 126700
2399 100 200 122900 178400 125800
2400 100 100 123700 179800 126400
2401 100 200 123900 178400 128800
2402 100 100 124800 179400 126300
2403 100 100 127300 184800 130800
2404 100 100 122700 178800 126000
2405 100 200 127100 185400 130200
2406 100 100 149700 262500 136900
2407 100 100 137400 179000 126000
2408 100 100 127000 184600 130400
2409 100 100 126700 186100 131800
2410 100 200 128700 184500 130900
2411 100 100 123200 179300 126300
2412 100 100 127200 184700 130800
2413 100 100 127500 184300 133100
2414 100 200 124100 181900 127000
2415 100 100 136300 179900 126800
2416 0 100 123200 179000 127800
2417 100 100 123600 180200 127600
2418 100 100 141000 193600 127200
2419 100 100 123800 180600 127800
2420 100 100 124100 179900 127600
2421 100 100 124400 179800 127700
2422 100 100 124200 180400 127700
2423 100 100 124000 180600 127400
2424 100 100 124500 182100 128300
2425 100 100 124600 179100 127600
2426 100 100 131400 193100 128200
2427 100 200 140400 194800 127400
2428 0 100 123500 180200 129000
2429 100 100 126400 181000 128300
2430 0 100 124800 180900 128100
2431 100 100 128600 186300 131500
2432 0 100 124300 180500 129300
2433 100 100 124600 180300 127800
2434 100 100 128600 186300 132900
2435 100 100 128900 186800 131700
2436 100 100 128000 186100 132300
2437 100 100 128000 187900 131900
2438 100 200 125100 181700 128000
2439 100 100 124800 182800 128300
2440 100 200 128400 185900 132200
2441 100 0 125200 212700 128500
2442 100 100 125000 183900 128500
2443 0 0 125200 183000 128800
2444 100 100 125400 181900 128600
2445 100 100 125500 183300 128600
2446 100 100 143000 193800 128500
2447 100 100 129000 188500 132700
2448 100 200 129800 188000 132800
2449 100 200 131800 188300 133000
2450 100 100 125500 182100 129200
2451 100 100 125800 235700 155300
2452 100 100 125800 182100 129100
2453 100 200 125900 183700 129500
2454 100 100 130700 189800 133100
2455 100 100 130000 188500 132700
2456 100 100 130100 190000 133600
2457 0 100 129600 188100 133300
2458 100 100 129200 187900 135000
2459 100 100 129600 189600 134100
2460 100 200 134700 189000 134000
2461 0 200 133800 193600 138000
2462 100 100 130200 188300 133600
2463 100 100 130100 189000 133300
2464 100 100 130100 188100 204000
2465 100 100 126300 183700 129400
2466 0 100 126400 184400 129400
2467 100 100 157600 188700 133100
2468 100 100 130400 191300 133500
2469 100 200 127200 184300 155400
2470 100 100 126700 184100 158700
2471 100 100 127200 212500 130400
2472 0 100 155000 183400 129700
2473 100 100 127000 183900 130400
2474 100 100 126400 184800 131100
2475 100 100 126500 212200 130400
2476 100 100 127500 213100 129600
2477 100 100 126200 186400 130900
2478 100 100 126700 214800 130400
2479 100 100 312700 331400 200700
2480 100 200 131000 191500 134600
2481 100 200 132000 190100 176100
2482 100 100 131200 191000 135600
2483 100 100 141800 579000 152200
2484 100 100 126800 186000 130900
2485 100 100 127500 184400 131000
2486 100 100 127900 184700 131100
2487 100 100 127200 184600 131000
2488 100 100 127000 213100 131300
2489 100 100 127000 201500 145800
2490 100 100 127800 185300 131900
2491 0 100 126900 185600 131900
2492 100 100 142600 199800 149300
2493 100 100 128300 201300 145700
2494 100 100 127500 186100 131700
2495 0 100 128200 202000 144100
2496 100 100 128100 185500 130600
2497 100 200 130400 186000 132000
2498 100 0 127300 185800 131000
2499 100 100 127800 185800 132200
2500 100 100 128200 185800 131900
2501 100 100 128700 187900 131800
2502 0 100 128600 185800 130700
2503 100 200 128400 187900 131500
2504 0 100 128200 186200 131700
2505 100 100 132500 190600 135200
2506 0 100 136300 186800 132600
2507 100 100 157800 186700 131600
2508 100 0 128500 214800 131800
2509 0 100 247300 276900 135500
2510 100 100 128400 214000 132600
2511 100 100 128200 186200 132200
2512 0 100 129400 187000 132500
2513 100 100 128400 186900 132300
2514 100 100 129100 187000 132800
2515 100 100 129000 186900 132900
2516 0 100 129200 187200 132600
2517 0 100 129500 187100 132500
2518 100 100 174700 209600 221900
2519 100 100 129200 188100 133000
2520 100 100 128700 186500 231000
2521 100 100 129200 189200 133400
2522 100 100 132000 187200 132100
2523 100 100 128700 188200 133000
2524 100 100 129400 188700 133000
2525 100 100 132800 193800 137100
2526 100 100 133300 193600 136700
2527 100 200 133600 195500 138500
2528 100 100 133100 193900 137000
2529 100 100 133100 193500 135800
2530 100 100 133600 195300 137600
2531 100 100 133900 194100 136900
2532 100 100 129800 189500 133700
2533 100 100 130000 188200 161300
2534 100 200 129700 190300 133400
2535 100 100 129600 190300 132700
2536 100 100 132100 188100 133000
2537 100 100 129800 189600 133200
2538 0 100 131200 190500 133800
2539 0 0 142300 188500 133600
2540 100 100 134200 194700 137500
2541 0 100 134100 194400 138200
2542 100 200 132700 193300 137200
2543 100 100 136300 193800 137600
2544 100 100 134700 195000 138100
2545 100 100 134000 194300 139700
2546 0 100 134300 194400 138000
2547 100 100 130500 188900 133500
2548 0 100 131800 191300 135100
2549 200 200 234500 315900 138300
2550 100 200 133600 194500 138200
2551 100 100 138500 206900 133800
2552 0 100 131200 190200 133900
2553 100 100 131900 190000 151400
2554 0 100 130200 189600 134900
2555 100 100 131100 204200 151500
2556 100 100 130500 190300 135200
2557 100 200 166000 201600 134500
2558 0 100 131100 189200 135100
2559 100 100 130300 190400 134800
2560 100 200 131700 189600 134700
2561 0 100 131500 190900 162900
2562 100 100 130900 191500 135700
2563 100 100 131200 190600 135000
2564 100 100 131700 190800 134700
2565 100 100 131100 190800 134600
2566 100 200 131500 190600 135200
2567 100 100 161700 190500 135100
2568 200 100 135100 195600 140000
2569 100 200 135800 196700 139300
2570 100 100 136600 195100 138200
2571 100 100 135800 196200 139400
2572 100 100 132000 191100 135300
2573 100 100 131200 191900 135700
2574 100 100 132100 191400 135500
2575 100 100 132200 192100 135800
2576 0 100 132600 205600 149200
2577 100 100 131900 190500 164500
2578 100 100 132900 191500 164400
2579 100 100 136400 196700 139200
2580 100 0 131800 191900 138100
2581 100 100 132300 192200 136400
2582 0 100 132000 222400 135500
2583 100 100 137000 198000 140200
2584 100 100 132700 192100 135200
2585 100 100 132800 205400 137000
2586 100 100 160700 192500 136700
2587 100 100 136400 198500 140800
2588 0 100 132800 192000 136600
2589 100 100 146100 194600 136900
2590 0 100 134500 193400 136200
2591 100 100 250100 458300 139800
2592 100 100 133100 192400 138200
2593 0 200 239100 236900 179000
2594 100 200 132700 194100 136900
2595 100 100 133200 220800 136100
2596 0 200 132800 192700 137100
2597 100 100 132500 192700 136800
2598 100 100 163500 193400 136900
2599 100 100 133300 192900 137100
2600 100 200 145300 193200 135700
2601 0 0 132500 193500 136700
2602 100 100 133000 193600 137100
2603 100 100 133100 193300 137000
2604 100 100 137300 199000 141300
2605 100 100 146000 199600 141000
2606 100 100 133500 194900 136700
2607 100 100 133500 193800 137500
2608 100 200 138000 199500 141600
2609 100 100 134100 202300 137800
2610 100 100 133600 193800 139300
2611 100 100 133600 195600 138000
2612 100 100 242500 241900 141800
2613 100 200 133800 196400 137400
2614 100 100 133900 195100 138200
2615 100 100 133700 194300 138100
2616 100 200 139700 199800 141200
2617 0 100 134800 194600 138000
2618 100 100 138000 204400 142300
2619 0 100 136300 194200 137900
2620 100 200 133900 194800 138700
2621 100 100 134000 194800 138100
2622 100 100 137000 200600 141200
2623 100 100 138900 200700 143300
2624 100 100 138200 200900 142100
2625 100 100 134900 194800 138100
2626 100 100 134200 290300 139000
2627 100 100 134300 195700 138300
2628 0 100 134300 194700 138400
2629 0 100 138300 201300 143400
2630 100 100 139500 307000 211800
2631 100 100 138400 203400 142500
2632 100 100 168200 209300 185300
2633 100 100 138400 201600 142400
2634 100 100 197500 202700 142100
2635 100 100 149200 196200 139100
2636 0 100 135100 195500 198800
2637 100 100 138000 201500 144400
2638 0 100 134500 196600 137800
2639 100 100 135100 196100 138700
2640 100 100 135200 261300 143700
2641 0 100 135300 195600 166500
2642 0 100 134900 196400 227200
2643 100 100 135600 196500 139600
2644 0 100 135700 197900 139400
2645 100 100 135300 196000 140400
2646 100 100 135600 197000 167200
2647 0 200 135400 196600 140200
2648 100 100 135500 196500 140100
2649 100 100 136100 196900 139800
2650 100 100 135600 196900 140000
2651 100 100 135300 198700 139700
2652 100 100 136200 199400 140300
2653 100 100 135300 225600 140000
2654 0 100 136000 225300 139900
2655 0 100 135600 197300 168100
2656 100 100 135600 197400 139200
2657 100 100 164800 197200 140400
2658 100 200 136200 197300 139700
2659 100 100 135700 226000 139900
2660 0 100 223600 204100 144300
2661 0 100 135700 198000 168000
2662 100 100 135800 197500 139900
2663 0 100 136500 198300 168600
2664 100 100 136300 197900 140700
2665 100 100 140700 206900 144300
2666 100 100 142300 202800 144300
2667 0 100 136400 239000 140300
2668 100 100 136100 198500 141000
2669 100 100 164700 198800 140300
2670 0 100 136600 198500 140200
2671 100 100 136400 199100 140900
2672 100 100 164200 198300 141300
2673 100 100 141000 204700 145300
2674 100 100 137300 199300 173900
2675 100 100 137300 199100 141900
2676 100 100 137300 198600 140600
2677 100 100 139000 198600 141300
2678 0 100 136800 228700 141300
2679 100 100 137100 199500 141300
2680 100 100 137000 199100 158800
2681 100 100 137900 200000 142300
2682 100 100 137400 199300 171800
2683 100 100 151200 195900 140800
2684 0 100 137100 216100 145700
2685 0 100 141500 205300 145300
2686 100 100 141500 207600 146200
2687 100 100 138000 199100 141400
2688 100 100 154300 212400 145000
2689 100 100 138000 200200 141200
2690 100 100 137700 200300 256600
2691 100 100 137700 199700 141200
2692 100 100 138400 200500 141900
2693 100 100 137600 242700 145500
2694 100 100 142500 206100 145300
2695 0 100 166900 200400 142300
2696 0 100 141800 207200 146300
2697 100 200 141500 206500 147100
2698 100 100 138100 229400 141600
2699 100 100 138000 200600 141900
2700 100 100 306400 206300 146300
2701 0 100 141800 209200 146200
2702 100 100 138300 216400 154900
2703 0 100 138700 201500 142000
2704 0 100 138500 201200 141700
2705 0 100 138400 201000 142000
2706 100 100 138600 200600 144600
2707 100 100 138800 201700 160700
2708 100 100 138100 229300 143300
2709 100 200 139000 212200 142600
2710 100 100 139100 200300 142800
2711 100 100 139200 201000 142600
2712 100 100 139500 200900 143200
2713 100 100 165200 214200 143100
2714 100 100 152000 229800 142800
2715 100 100 139300 202400 143600
2716 100 100 139400 201600 212000
2717 100 100 139400 202100 143400
2718 100 100 139300 202000 143100
2719 0 100 138600 202900 158600
2720 100 100 143100 208700 147500
2721 100 100 152800 202100 142600
2722 100 200 139200 203000 142600
2723 100 100 139800 201900 142400
2724 100 100 139600 230800 143200
2725 100 200 143200 209800 147000
2726 100 100 139600 202500 143200
2727 100 100 139900 202600 143000
2728 100 100 167700 202800 144100
2729 0 100 140100 203100 143600
2730 0 100 139700 203300 143900
2731 100 100 140100 203100 144100
2732 100 100 141600 203400 143200
2733 100 100 140100 203100 143600
2734 100 200 139800 203800 144200
2735 0 100 140800 202600 172400
2736 100 100 143800 209700 148200
2737 100 100 142100 203600 144300
2738 100 100 140300 204000 144600
2739 0 100 139500 203700 145200
2740 100 100 140300 204100 144400
2741 100 100 139800 203500 173600
2742 100 100 140000 203400 144600
2743 100 100 140100 203600 173600
2744 100 100 144500 210400 150400
2745 100 100 144700 209700 149100
2746 100 100 244900 209000 148300
2747 100 100 145900 209700 149500
2748 100 100 146300 210000 149100
2749 100 100 144200 209700 220100
2750 100 100 141400 232500 144900
2751 0 0 140500 296700 314600
2752 100 200 147100 211200 149200
2753 100 200 144400 210300 149700
2754 0 100 142100 203700 144900
2755 100 200 145100 211900 148500
2756 100 100 140900 205200 145300
2757 0 100 352500 256700 155200
2758 100 100 141100 235300 145300
2759 100 100 144300 219600 144000
2760 100 200 169200 205400 145300
2761 100 100 141400 205100 145600
2762 100 100 141300 204400 145400
2763 100 200 231000 250900 161300
2764 0 300 146900 212300 150100
2765 100 100 146000 248600 149600
2766 100 0 140700 206000 146000
2767 100 100 145300 209700 149900
2768 0 200 141000 206000 147000
2769 100 100 141600 205300 145600
2770 100 100 142400 205900 145800
2771 200 200 150700 239900 315100
2772 100 100 141600 206300 146300
2773 100 100 141700 206200 145800
2774 100 0 168400 206900 146700
2775 100 100 146000 213400 153100
2776 100 100 154700 206800 145600
2777 100 100 170500 206600 146100
2778 100 100 141300 234800 146400
2779 100 100 146500 252100 146300
2780 100 100 142500 233600 147300
2781 100 200 142000 207000 149700
2782 100 100 142400 207000 147000
2783 100 100 147100 212400 150000
2784 0 100 142700 207500 146600
2785 100 100 159700 220200 146500
2786 100 100 170400 208200 146100
2787 100 100 142900 206300 145500
2788 100 100 172400 207100 146700
2789 100 100 142800 226800 159700
2790 100 100 142200 207300 146800
2791 100 100 142800 207100 146100
2792 0 100 143700 208400 147200
2793 100 100 142100 207400 163300
2794 0 100 142500 207500 146800
2795 0 100 148500 212400 151200
2796 100 100 146500 213800 152400
2797 100 100 142600 207600 147200
2798 0 100 170800 208100 146100
2799 100 100 142300 208800 148100
2800 0 200 142900 237200 147700
2801 100 100 143100 208300 147000
2802 100 100 143500 208400 147300
2803 100 100 143900 208600 147800
2804 0 100 144100 208000 147800
2805 100 100 143400 208200 178100
2806 100 100 143800 208400 148600
2807 100 200 157000 209100 148400
2808 0 100 148000 216200 151600
2809 100 200 324500 280900 151800
2810 100 100 147600 216400 153100
2811 100 100 148400 215700 152400
2812 100 100 147700 214500 153800
2813 100 100 148400 216000 153000
2814 0 100 159500 222100 148700
2815 0 100 144300 209800 148500
2816 100 100 144000 237900 148200
2817 100 200 156900 210200 148200
2818 0 100 144100 246300 147500
2819 0 100 172100 209900 148200
2820 100 100 144400 210200 148300
2821 100 100 144600 209800 164400
2822 100 100 145000 268900 172700
2823 100 200 149400 216200 152700
2824 100 100 143500 209300 148100
2825 100 100 144500 210600 148500
2826 100 100 148500 216400 153100
2827 100 100 143700 211500 148400
2828 100 100 149300 224400 148400
2829 0 100 145500 209800 149200
2830 100 100 148700 217500 153300
2831 100 100 145000 210800 148900
2832 100 100 144500 239000 149600
2833 0 100 145400 210500 148900
2834 100 100 148900 217200 154900
2835 0 100 144500 211100 148400
2836 100 100 144900 211000 177600
2837 100 100 145100 210700 149700
2838 100 100 145000 211200 149600
2839 100 100 144300 211200 166300
2840 100 100 149300 217200 154000
2841 0 100 149800 217200 156100
2842 100 100 145700 211200 149800
2843 0 100 145900 210800 149800
2844 100 100 145100 210600 150500
2845 0 100 146100 211700 149400
2846 100 100 145700 240600 149600
2847 100 100 144700 211500 149300
2848 100 100 150000 218200 154200
2849 100 100 149600 221300 155100
2850 100 0 151100 218300 154800
2851 100 100 149800 218800 154900
2852 0 100 153300 218500 154600
2853 100 100 250800 218500 166300
2854 100 100 145900 240000 149100
2855 100 100 146300 240700 150800
2856 0 100 146500 240300 149200
2857 0 100 150000 218900 155900
2858 100 100 146400 212600 150000
2859 100 100 146400 212800 150400
2860 0 100 146800 213100 151700
2861 100 100 162300 212200 178900
2862 100 100 146900 212400 151400
2863 100 100 149900 219500 157400
2864 0 100 150700 219800 157900
2865 100 100 146600 241500 150700
2866 0 100 145900 241400 150600
2867 100 100 146400 213500 151500
2868 100 100 147100 240800 151100
2869 100 100 175400 213200 151200
2870 100 100 177400 214400 151600
2871 100 100 146900 241600 151900
2872 100 100 150800 219900 156700
2873 0 100 150900 219600 155200
2874 100 200 151400 219800 185200
2875 100 100 150900 220300 155500
2876 100 100 151800 222400 155800
2877 0 100 152600 220200 157000
2878 100 200 150900 220900 156600
2879 100 100 152000 221100 155900
2880 0 100 151000 219900 156000
2881 100 200 172900 218600 209900
2882 100 100 152800 220800 156000
2883 100 100 152600 220100 156200
2884 100 100 151700 221000 156200
2885 100 100 160600 215500 152700
2886 100 100 175300 214200 152400
2887 100 100 148100 214700 180300
2888 100 100 147600 213700 168300
2889 100 100 148600 214500 151600
2890 100 100 147900 214500 181400
2891 100 100 147000 243300 150900
2892 100 100 152200 221700 156300
2893 100 100 147100 215100 152000
2894 100 200 147900 214700 152100
2895 100 200 148200 215900 152900
2896 0 100 147200 214400 152100
2897 100 100 147700 214500 153200
2898 100 100 147900 216200 153100
2899 100 200 148700 214800 153500
2900 100 100 148600 217300 152600
2901 100 200 148700 215600 152800
2902 100 100 151800 224000 157200
2903 100 100 149600 216300 153000
2904 100 100 148600 218700 153900
2905 100 100 148600 216900 153300
2906 100 100 149100 216600 169800
2907 100 100 149000 217100 154600
2908 100 100 148700 216400 180900
2909 100 100 152600 223600 160900
2910 0 100 149400 216000 154800
2911 200 100 147700 217700 191100
2912 0 100 149100 244100 153000
2913 100 100 149300 216500 153000
2914 100 100 149400 245500 153400
2915 100 100 149900 232600 168400
2916 0 100 149200 215700 152900
2917 0 100 149500 243900 153300
2918 100 100 148600 216900 153600
2919 100 100 150000 217400 167800
2920 100 100 154900 233000 153700
2921 100 100 149700 216500 154300
2922 100 100 148800 216000 171300
2923 0 100 148900 219500 153800
2924 0 100 156500 224200 159000
2925 100 100 150600 221100 181700
2926 0 200 149800 217500 155700
2927 0 100 150200 218500 153600
2928 100 200 154200 223900 159300
2929 100 100 150200 217200 153800
2930 100 100 149000 216300 154300
2931 100 100 156000 223500 158600
2932 100 100 155300 225500 159100
2933 100 100 149600 246500 154300
2934 0 100 150400 217000 154900
2935 100 100 156500 225700 159000
2936 0 100 150000 218100 170500
2937 100 100 150000 218100 155300
2938 0 100 149700 218100 156100
2939 100 100 151000 227000 183900
2940 0 100 149700 219100 240700
2941 100 200 162200 247500 154400
2942 100 100 155400 226300 160600
2943 100 100 167600 226600 160500
2944 100 100 150000 218500 154800
2945 100 100 150400 219000 153700
2946 100 400 155000 255800 160300
2947 0 100 153500 219400 154700
2948 100 100 150400 246200 155300
2949 0 100 155800 224800 170000
2950 100 100 151600 218200 154900
2951 100 100 151600 218300 157300
2952 0 100 181100 247100 155600
2953 100 100 152900 219500 154900
2954 100 100 150800 249600 155500
2955 0 100 181800 219700 156100
2956 100 100 151500 219800 163800
2957 100 100 157300 226400 160100
2958 0 200 155900 272700 177100
2959 100 100 156300 226400 160500
2960 100 100 155900 226400 160000
2961 100 100 157100 226200 160000
2962 100 100 155200 228400 161100
2963 100 100 151600 220000 156200
2964 100 100 167100 239800 160700
2965 100 100 151000 312300 157000
2966 100 100 152700 220500 156500
2967 100 100 156500 228300 161100
2968 0 100 150900 221300 156100
2969 100 200 154200 220700 156800
2970 100 100 152000 221300 156500
2971 100 200 156000 227900 161200
2972 0 100 156500 228100 163000
2973 0 100 156100 227600 162100
2974 100 100 157300 228800 161600
2975 100 100 156400 228300 162000
2976 0 100 156400 227100 161900
2977 0 100 152300 221400 156400
2978 100 200 163300 234200 166000
2979 100 200 159700 227700 161600
2980 100 300 159200 227100 161100
2981 100 200 156800 228900 188300
2982 0 200 158700 283500 161800
2983 200 100 158400 259700 165400
2984 100 100 186400 228000 162100
2985 100 100 157600 228400 162000
2986 100 100 157700 228900 160900
2987 100 100 156700 228800 161600
2988 100 200 162500 235900 265400
2989 100 100 152500 221600 157300
2990 100 100 153100 221700 157100
2991 100 100 153000 222300 157400
2992 100 100 152700 222200 157600
2993 0 100 152300 222200 186000
2994 100 200 157700 229000 162700
2995 100 100 157700 228600 164100
2996 100 100 153200 223000 157500
2997 100 100 168700 235200 158200
2998 0 100 152700 222300 172400
2999 0 100 158500 229700 162200
3000 0 100 168400 252200 172300
